272808
140891
229859
437178
565626
419188
520421
146605
396972
571621
523162
377592
920017
1054611
464785
449555
173490
525124
1123562
459932
536887
284392
317912
482989
1546473
392266
408934
599523
406720
722531
954592
1087216
602525
323212
1595910
556070
648021
1521294
549334
465477
539363
197896
662503
354182
149328
477647
445144
1011697
146364
265340
284055
355673
483119
154731
174288
277544
683847
603002
336825
628757
463261
491835
602643
1479120
649529
691794
493027
460346
398623
812554
820571
825616
594692
1803752
1016217
1167760
629035
619306
1100015
515212
423121
694706
573365
486590
277162
434223
402425
499638
417692
1002313
410023
410004
565215
891097
685612
1673488
1114171
945787
677136
1619637
515468
2045476
474417
1622512
1549402
1405498
338101
998493
1033430
1423234
1262148
692216
1338073
1515632
422122
501147
574625
627304
1501652
850857
1249208
1019775
1091444
1296517
674156
782272
2619319
827202
868580
1867954
2184582
977854
710004
864743
1349066
1449798
11367852
23622
44887
79682
132938
96429
132028
172364
107236
73643
307220
303280
203515
365337
158146
399631
148302
98550
484064
277752
238326
153646
119769
904140
356097
151876
366912
371797
267836
163244
239111
273606
203124
288222
370286
438433
369734
306458
378393
294426
505647
443436
384751
918498
354625
350600
253511
209903
924764
661672
321681
319030
746450
432638
278636
825150
1275310
367644
556532
522045
407630
201810
692728
851601


1996387
2822278
1949718
2606544
1862755
2164865
1843298
1847317
3882314
4855606
1455564
1688897
4085188
3525501
533393
974709
1049192
639940
2105148
1082067
1118983
485553
1133921
1922431
1224547
1054904
832918
1415661
358720
888974
1142775
1076827
1000770
991378
1041457
1873508
1690166
1287916
592151
912948
472330
1648746
636949
1734198
830127
1402453
1638836
467629
778321
1378915
1218213
2063430
424852
1101243
1746980
981343
504326
795673
819048
1153061
1015260
1154703
529040
1530044
2283824
1051149
2100357
4958746
1513817
1965794
758155
2146852
1209958
1574455
1025126
1823810
1200619
1366254
2901800
1133449
1033582
1754264
1291253
1852646
1968665
2821376
1228825
1385138
1224228
3243955
1367638
3054491
1201118
519828
1722164
1310445
2055059
2647504
1498848
4776308
650180
1290669
1718733
1789613
3758360
798750
1087936
882927
1314137
1113167
1031375
1534357
1100306
977826
532425
3568963
1234986
1535367
1147627
2086946
3051064
615036
1419978
1776828
866055
748655
1102613
1377874
3397622
653079
1433909
928133
1780484
817868
1419081
1476976
902027
993242
1336674
3780681
11994839
36251
36728
46575
42833
54655
34216
40285
27597
28534
91958
105580
108124
40617
121773
145199
270432
146830
135333
125925
174973
58862
51746
114106
290371
93818
170487
89663
189762
156392
236387
196068
135724
240384
156180
311080
260130
165185
213262
196194
363801
318140
275135
443312
255914
746503
284502
233228
419501
210904
254809
401756
515376
498707
1015478
852153
931359
249709
626436
419861


