55539
226872
452729
152568
342603
946382
1808448
626953
352454
348868
284853
202216
143217
262980
208029
128187
468501
535205
174489
564714
251531
598808
215715
685326
480014
657985
263974
238794
217307
419537
843347
248914
773863
320426
754350
371896
608414
869594
540064
663271
539321
1436839
1138040
898397
1285348
974986
646155
1218555
634266
1381204
1613510
659262
423430
1022824
930193
675780
1116392
1284084
455064
1637596
1229825
1085727
840558
1289892
1552090
642355
1577572
1248645
1318894
1169173
2059732
774889
1198334
1109438
1631072
1743593
1868133
1542102
2291491
1506470
566518
2263390
2597790
1959221
17449311
41691
11587
45410
95100
63289
173798
151789
54604
166242
144895
156265
75979
177854
406091
263392
359233
205628
237851
440803
237052
377557
150037
448185
476250
549812
699144
397566
2308333
267186
295524
175827
375038
508414
492423
730357
232055
476021
615755
874472
654182
534792
2936957
30230
69096
38043
51428
87514
62766
95505
168968
90875
267744
114274
311990
104241
125733
58542
161056
109371
72281
153866
83169
80917
180283
99709
500709
18761
34761
134557
117062
164088
142474
78384
72710
267206
125388
324716
94689
206763
153566
431533
131758
156322
220541
190198
570070
301813
584236
167111
492129
521501
874843
562965
727942
592733
460711
669600
803433
729785
669241
410638
491036
272931
759985
3937615
8737
78025
93592
141413
59845
107925
70838
215235
224084
317734


1003315
426196
929981
1082606
549196
478945
505812
394968
283437
565700
275839
366610
560502
414473
273237
450998
719064
457005
526288
513264
314525
213965
676531
312578
166175
414293
537778
551446
680611
655756
562433
258369
752248
295292
286374
367464
772343
419506
809522
1185051
323250
500510
876297
1194366
1032337
1341781
805795
1050672
834743
645764
883445
894712
499764
829451
1023843
500276
1527574
979492
800960
965502
766405
641578
800891
1193198
8381136
15424
30458
131094
146185
107920
117867
190496
149361
103908
164041
138486
231991
237128
166665
87791
592465
10467
100195
63625
71268
69619
57901
204706
61771
294380
99783
366128
175813
272684
217701
129265
189572
329738
96105
391093
168111
336940
233046
158817
204070
139564
547858
258558
705232
494526
334792
690359
692409
2038782
26070
38507
32061
86964
116763
127747
199811
148260
102060
86975
225807
221889
137618
216732
237540
246162
463576
1833093
21197
87718
31464
28968
185860
98555
246928
178029
92513
287038
146599
89587
485794
442571
243838
93185
199914
525838
30624
61626
54275
52248
99804
57985
131519
39913
106341
236348
210651
163091
304753
186197
289139
174302
328714
324139
385577
311367
450814
254391
439396
357099
1282352
30241
51835
52271
91175
57029
174645
196927
194089
82365
240502
173687
223413
244209
267805
77241
281181
116521
446918
478165
115897
269840
229424
401366
510525
347303


