98901
65056
42749
76942
32272
19825
8202
48108
56842
12628
24544
33315
8242
16578
12831
10680
22199
32738
24732
8398
8092
7754
18787
22065
10421
7048
19070
7233
92885
15789
24363
10788
6394
35509
45157
12100
14326
8291
6752
11326
39995
60900
44313
11551
7962
18217
32258
7633
26530
10522
8287
8148
10412
8129
9590
9253
27001
55554
13576
9162
42025
8569
17180
7743
7674
9555
10075
9771
8842
11351
20571
25726
4898
7791
9335
5020
4992
16806
6175
7962
6593
69552
6671
36011
4002
3942
11560
7612
4773
7742
52902
4685
13931
8246
4652
52739
4556
13070
4367
4743
4540
4403
124826
19224
17005
25905
22751
27394
5622
4834
25847
11527
7621
33087
9386
8963
8753
10693
48724
22837
18254
38154
14773
28685
10780
22191
3623
4946
20959
11458
5033
11095
4406
46439
6623
30504
15249
59288
30747
4769
4521
34600
22281
6335
49226
7701
80869
32705
11506
4927
4795
8668
35442
4554
32352
5546
10333
7713
4776
4357
0
7401
11169
29656
4532
28064
10559
4896
4845
8911
4912
15940
9220
6478
25874
7050
6609
8455
5530
12630
4744
4981
4697
4858
4635
5078
15936
6601
4628
9778
4468
4702
5941
22356
32553
5180
4823
6556
10434
25520


24955
36237
11725
6370
15437
5133
25431
3385
4781
4409
7586
24209
8448
13681
8201
17178
8072
11572
8369
63385
9578
11190
10468
45125
6603
43860
4626
15912
22348
16786
9371
10275
7704
7623
6354
4879
7773
6154
7769
6712
0
7864
4892
5751
54295
4802
40432
4540
4266
14478
4759
6039
4531
33335
4968
13293
24276
5572
5570
0
20501
22506
31018
20561
5565
5540
5009
33406
32571
17944
4894
4880
5214
4987
5078
4758
31886
6612
5165
5086
0
23618
7396
4906
8737
9055
11902
8210
8524
5023
5162
6665
16728
21242
8931
5046
5982
4867
0
10136
14408
5276
4613
57558
5449
35249
22603
5339
5653
5489
17128
7275
20581
55590
6776
6903
9005
17347
5524
5320
5138
31397
5046
0
5907
9203
8704
16064
8914
5327
15496
10270
5170
5512
9207
6687
5255
6291
15919
8882
8791
19453
7083
7174
6506
11874
9439
41189
63367
29323
8143
8518
0
9885
4938
3921
3957
6380
69132
31287
5330
21753
5453
20776
7901
12133
10093
49136
0
5404
5139
28746
5448
61442
6724
4888
6531
7051
23158
10723
0
5570
4993
5286
6865
6229
8584
31265
6627
5714
5273
8336
21313
6850
20149
4856
5134
4768
8550
5304


