50831
20910
20440
23548
20015
21701
205805
77050
22681
12897
14633
22633
18888
27265
11753
13084
23287
26664
11865
11923
14779
17854
13444
12953
0
13133
12301
15900
17246
4359
9938
9868
34596
10472
4173
16556
4646
4139
4088
3971
3902
4439
3930
4259
3955
3778
5877
3952
3866
3878
3815
4908
3996
3834
4272
3975
4154
4064
8296
4272
3897
5415
4080
4129
4512
4010
3877
4734
3752
4348
4095
8459
6795
0
4205
3989
5561
6107
11835
4063
22597
12830
6201
3991
4533
3798
5667
4657
4010
3825
3862
5767
14880
5273
3832
9477
7979
0
0
4394
4495
3946
4334
3770
5337
7532
0
6117
16979
10122
4116
3912
4985
3870
5271
5483
0
4255
4637
3668
6111
4077
3703
8204
4812
5489
3740
4512
3813
5387
4289
6003
3850
6308
6621
3718
3864
4625
5090
3720
9929
10912
4318
3870
5954
4034
5142
4604
4458
3677
6984
4131
7835
4825
4259
3749
4135
3685
6712
5503
3801
4195
6413
4258
4496
4119
3829
3931
3805
6932
6224
3662
11520
11163
4474
3752
3894
5775
3767
10228
8350
7849
4007
3999
5906
7119
5883
5886
13647
6260
3278
6504
4239
3929
3863
5533
6917
4823
4547
3973


56981
31918
16018
0
16668
14174
14603
27067
16964
17347
14755
14188
20785
23357
21854
14911
13968
15273
17409
25154
21149
19733
13693
22174
20522
14310
13033
15019
18929
46913
4125
3980
2838
4096
5111
3936
27558
5181
6386
4175
3975
4329
6378
4230
4167
21748
11174
4342
0
4562
9948
4427
11345
4207
15859
6107
5317
3908
4316
5424
0
4440
4289
3918
4009
8122
4117
5807
3844
3906
4177
4390
3840
5234
3946
3875
16196
4561
5594
3965
5963
3994
4173
4250
4092
4419
4457
4472
4272
4050
5327
6214
7074
5063
4141
5911
3991
4757
4279
4079
4332
4486
6614
4061
5541
4275
4447
4800
4116
3973
5740
4813
3984
4295
5295
4429
3872
5411
4336
3968
4187
5735
3977
5796
3845
8210
4314
3757
7241
13387
4234
5646
4665
4330
4578
6469
4337
3812
3688
4582
3745
9009
3877
16566
5012
3736
6281
4143
4955
4067
4079
5983
3783
3832
5311
4247
3903
4242
3764
0
4127
3935
4660
9278
0
4211
4025
3850
4680
3934
4139
4946
3926
7226
4172
4607
3983
10089
5347
4722
3822
4040
3914
3770
4100
3908
4067
3937
3850
5892
3971
0
4463
8964
4036
4509
4102
3781
3662
3855


