115162
23409
18194
25841
31679
17878
17040
25686
33696
22153
17171
17865
18442
45549
39975
17809
70779
46118
34478
22242
50031
55726
36679
38354
127599
29882
17680
46269
24061
69292
27334
85364
0
135365
40177
35148
32911
21338
18902
18150
35994
114925
40095
17934
17830
33894
23703
17892
18675
28289
18242
44243
90998
23286
99698
19852
154655
99757
171227
51660
118380
29262
17216
0
18077
29991
99653
16935
33201
17701
25773
26880
31169
39897
126734
18211
34193
96035
25079
33131
17610
101049
121924
23038
114964
62281
101097
56780
58113
149070
42243
31297
29334
18051
42342
33087
21120
19363
190358
190936
88829
18439
40588
17078
50047
45260
144383
54047
81419
29085
147213
111342
22880
22945
17424
105778
41436
266960
142587
24493
48787
71528
16821
16268
17556
51077
0
19347
99866
20440
11605
13173
16890
12756
16115
11513
20275
13149
12916
39807
71792
19287
26774
35588
11804
48539
16157
14563
12705
17593
116124
19954
11331
15579
29448
14895
15144
56076
12399
23229
23726
30510
39599
11589
12292
12527
16434
37505
59372
21437
10592
34150
43703
10294
17968
10251
12611
27474
41630
12367
20879
16476
12437
10296
14570
9450
22786
20738
9331
9490
65504
20445
90146
28589
34062
13524
87204
23265
21801
15980


