101141
40375
35697
28088
0
44017
61774
53188
21671
13944
16285
13544
20518
21867
17310
13203
16176
15341
16244
18941
15837
12455
18296
18043
17350
33273
25935
22006
79822
25656
25420
19642
29867
23798
20166
22549
18369
0
22139
21996
20515
18807
33001
42844
62404
26761
47875
38887
24148
106837
18811
21265
32388
35010
17862
23249
23820
46973
47000
23831
18048
21077
17223
24182
19107
18827
0
74227
18547
20311
20167
21686
17630
21321
18433
21005
16812
16940
31145
17149
55681
41720
35578
208415
59137
30992
24334
18330
17567
30661
39640
19772
26718
30849
19401
17198
31189
25534
13688
16319
32367
17189
17898
19367
20064
17484
21272
21934
28923
24458
23368
19356
26713
16198
14583
20265
18562
28765
29815
20978
20348
13699
53803
17701
22490
34985
18490
12679
43659
8106
11028
8562
15769
12592
11364
23265
12138
24845
13236
8393
11550
16519
21078
16065
21593
9676
10441
8030
12712
8403
11250
23659
12953
11792
22747
11939
11914
11542
28700
18479
13280
11892
13169
11211
11893
11911
14285
11996
13613
13836
12442
11576
11357
11604
11553
11419
11506
28466
12445
13845
11599
10201
8767
8429
10236
8212
8150
9308
10209
8421
8663
13942
8862
9824
9241
8194
11356
12107
8579
8507


59685
34132
42634
51275
49090
0
26777
14535
17075
13624
24440
0
20324
33573
18660
49598
40565
32157
32329
29470
31699
32386
47343
28432
102596
21998
21185
25063
19855
20208
24384
21765
21609
23493
19959
20039
34562
15662
31311
46821
15265
15240
16291
24703
14709
17277
30233
21034
23466
14914
16328
22688
28271
43859
23883
55637
32021
29598
31705
28029
24173
20609
40306
42055
32838
29255
13091
22213
28615
19957
31346
16198
26703
33833
50429
35833
20789
17132
21044
20680
13031
23552
49255
112319
48070
58161
35382
43727
31780
111696
38386
51409
12250
14497
140816
46892
16341
21730
17416
11589
24219
81751
20868
17578
24527
17585
81485
74419
41823
27363
19586
78902
24111
29920
22126
18238
20927
20142
35033
19225
20836
24828
24225
110174
47541
45257
0
25039
31886
14967
14544
71481
17840
26974
16425
29124
0
30449
13504
15024
17118
19802
26591
14587
12999
22049
10197
10736
11616
12562
11725
12180
12997
12259
14491
11776
13660
11578
21494
10193
10723
13730
13009
12444
15489
12573
11933
11183
15274
13795
21863
12796
24292
17106
13671
14465
26608
9052
13620
9001
8922
8819
11077
10086
9201
10767
16527
9306
15051
8940
10965
8772
10844
10120
22535
10227
9117
12456
21617
8690


