517290
340172
301375
382921
303435
296594
301197
303214
319763
307123
301326
303451
325806
301276
307348
306165
342134
362682
303643
305265
314228
291111
330313
305601
302046
297099
297849
296844
295163
300074
296437
371472
366418
344559
306593
298340
299878
296155
315396
295945
296199
374253
342915
672093
389743
431469
229672
300283
320755
323370
209607
204416
236657
201993
198644
202733
200589
195968
200742
259282
213894
192801
149414
148274
149460
150961
150438
149417
146777
145851
161052
149416
149736
175449
148113
147289
149278
149750
149954
149471
152701
147553
150998
147975
147251
148463
146238
149270
146980
118980
117399
119300
118420
137801
135908
120487
119462
122386
119943
118471
117225
119732
118901
120530
119421
118738
118532
118317
118318
118028
119293
119060
119172
118226
118069
135010
123912
120390
119491
131573
119889
129113
99604
99191
99606
99394
99367
98713
102593
100117
128204
100088
99686
101096
102442
102333
116559
105427
102216
102291
101366
101588
116803
125520
99745
102605
100225
101320
100160
101448
107734
98872
98619
99007
99329
97912
104122
98440
99498
99213
111666
85500
84108
84679
85285
84556
84461
85257
85152
85974
90166
85088
84498
85695
83935
83843
84263
85673
85713
87150
85245
84849
85473
84222
89347
86205
89773
84128
83797
85140
87764
86870
85250
85569
84483
99629
84667
83973
93911
85267


309478
310257
309124
426208
307232
303541
301844
305047
306491
308023
307815
8938825
228263
195891
245733
209242
190140
150775
265380
255346
259776
258272
256632
257045
148611
179754
152793
149519
227005
151307
148793
147480
143963
120954
119188
119259
118088
119534
117064
131896
119253
118797
118888
118710
117358
117253
118974
117008
120566
118823
135722
119022
120130
132248
119932
118189
118710
122968
117388
120531
118523
178923
175389
158576
186191
129793
150139
204179
132289
131421
113414
112880
127819
170975
124071
109732
108127
130062
112367
107529
101462
119169
100890
101787
98853
99575
100300
100136
101122
99853
101173
98642
99120
117808
101382
118759
100640
109071
99528
99148
107250
119315
111459
103291
99292
99545
99214
98540
99246
99753
99357
96978
97733
87609
88428
87611
88132
89109
88602
86908
88051
89076
84723
85360
83667
85017
84944
85065
83994
84109
85326
84568
85019
85549
85431
85610
84916
84750
93604
84518
85415
84705
86134
84818
85010
84239
95679
85166
102828
84607
100502
85083
84661
84362
83679
84855
85446
84939
95319
84820
83298
84498
84484
85357
95774
116261
85684
84005
118579
100842
90861
95423
94964
116306
122329
100860
93981
83788
97572
82532
81586
83646
82093
81314
82247
82086
82280
82356
81440
81330
82816
81912
88290
81178
83355
112143
82362
82999
83039
83543


