321158
308533
390836
351939
318514
350225
369921
314234
326861
333496
303637
322650
311697
318728
297836
307135
302751
297739
301966
303862
321909
297096
295848
298271
302302
313667
297249
296400
298582
301351
334573
461688
443039
303533
342118
307265
411594
301157
300372
298456
292619
297814
298679
299072
302901
369368
301233
303111
299248
309501
319505
298153
301337
295341
299589
295480
295639
296457
306879
300051
298806
325375
301757
299040
295030
200483
199934
200387
202914
202287
232088
198871
220457
206059
197213
210581
200174
196796
200950
240485
277073
228052
201242
200099
151723
240863
152764
150219
188133
187002
242571
187490
151745
176263
151057
147705
153478
165327
215050
183990
200372
150120
151229
149407
149774
153796
151055
189572
126754
166625
150551
129124
120298
121694
118898
121919
119420
121597
121244
119893
119561
120001
118056
119163
118708
124181
118822
121261
119401
121437
118668
121721
121543
117923
120120
119956
121214
117285
148930
122879
120900
99404
101126
98555
101172
99719
99699
99232
100182
99443
98546
105073
98140
100955
100667
99093
101277
99294
102150
99077
98272
100603
99522
100053
98987
100492
100293
98912
99981
102302
109865
100621
99159
101044
98369
97370
98873
101699
154988
155114
164709
150065
149918
149102
154463
148918
148174
150724
148391
148995
128482
103398
87391
88229
86911
96208
87208
94469
86935
85394


482511
488102
458921
479104
647721
469517
394233
309182
297629
302680
303649
304541
355403
305298
300728
312284
426397
418197
345146
392817
421098
472719
470236
451605
340119
308201
301515
302856
296921
326813
333744
200018
202858
194908
200264
200095
198839
203053
200164
199442
199500
199569
197547
198866
206526
201711
215961
203066
199244
198483
197833
187835
147225
149620
149147
148699
147463
185754
152015
156122
154027
149412
150076
148661
152897
150139
149819
147876
149315
145914
155229
150718
148098
147333
152951
148210
150066
150058
146408
138951
133402
127814
131568
125022
133220
199878
214422
221484
159293
176496
213673
178990
123964
122576
121791
124041
120593
167158
124459
120581
120738
120141
118699
120906
117558
121749
127079
99574
100001
100339
111454
99905
115005
101275
99574
100591
99799
99132
101773
99802
98804
101934
99044
99322
138515
100610
100894
99429
129419
99152
102464
102365
100530
104677
101265
101281
102562
114393
104213
103202
102875
100006
116919
134375
115045
87413
84993
85940
86031
108911
114717
89021
87282
86819
87808
85965
93201
92838
90174
91383
87215
87512
86164
93201
89886
84479
87465
84115
86676
84728
102322
85796
90395
86536
87409
87031
84355
87480
88206
86229
87043
87413
84307
88118
86020
84070
84234
85249
86068
84835
116442
86035
85847
83797
86935
87010
86895
87092
102824
82061


