401114
401933
426662
405111
404226
414153
414490
301190
106171
71978
66952
68094
68236
69386
70908
88714
96399
95741
99709
102642
108412
109828
95925
96718
71959
68178
66474
66184
66646
67023
67247
65043
67321
72145
66323
66891
65244
66105
69594
68596
65521
68747
68285
67590
70988
67282
71979
65404
68328
65791
65250
67026
68818
66708
65717
72527
67401
66167
63934
69440
65132
67886
65596
68206
68193
69247
66191
65382
68561
65626
66096
69097
66991
64177
67231
63361
69364
71283
67792
62300
66300
67444
70250
65589
68891
64528
71664
67950
68298
69483
70256
70933
65576
66772
69183
67682
67062
64477
67128
68643
67239
69525
62832
68039
74780
69791
69480
70783
66462
65781
68567
67659
69084
69502
65519
67519
64863
67474
67312
65865
65131
70042
75518
62411
64855
66543
67661
66684
71759
72976
67846
69744
67537
66253
69665
65977
66928
69747
66011
67870
70130
61367
59666
57253
59160
55702
57407
57790
66999
58472
58250
55786
53478
57967
56211
55298
57745
58289
79389
59304
59441
58136
57277
56340
59227
56731
58615
56482
57355
56134
57487
58323
55862
55795
57006
58833
56481
56676
57864
58640
56827
54990
57641
58564
57365
57668
56677
56285
58191
52891
57468
59673
57781
56013
55644
54939
58308
55687
61761
58600


368530
338301
418127
358458
300960
296139
346193
333397
370122
184187
96805
87754
87305
89952
95611
95679
111039
85355
91366
86627
91693
85229
89771
115125
91760
90127
100794
101614
98155
62923
62322
79977
56602
60533
56929
59580
61423
60551
57969
60550
60334
57125
57697
59204
59586
60938
66871
61126
59124
60378
58986
58186
56781
56709
61334
60100
57618
59289
58544
61181
59006
59425
60948
62935
64241
57723
59708
59073
59440
57908
58485
59032
59196
58058
60390
55942
59151
59224
60629
59762
60879
59139
65384
59940
59427
57581
57444
58059
58723
60257
59516
59484
59691
60761
59254
61048
59223
59459
58461
57397
65363
58952
60536
60120
61076
58007
58857
61557
57914
58583
58934
60141
59844
57845
58878
60956
59339
57971
56523
58969
59072
58724
62357
60169
58504
59461
61200
59431
58274
61678
56708
60545
57087
58768
55421
60017
61301
59118
58382
56441
59734
58908
59259
56811
56470
58884
56907
59111
60808
59748
58913
58571
55761
59364
52916
57769
64032
57913
57559
57926
60248
57336
57907
56655
60179
60627
59413
76622
57755
58319
56336
56764
55394
55220
58265
56757
56427
62638
57613
57108
58519
58927
53785
59840
58030
57396
55881
54940
58046
61122
57857
55103
58865
56279
55875
57357
58688
54949
58155
59745


