262347
229778
234267
189850
185582
193679
187928
200384
181654
220007
310852
321218
307831
312575
320524
314312
317564
389582
311290
319678
311566
307031
279526
176828
192568
193451
179796
182817
172410
175127
175773
175998
178867
185813
176555
170904
177801
167952
173820
183833
173810
181039
193318
180016
177692
180612
235444
191265
178171
177577
202645
234307
196293
122583
139689
122090
122997
117096
116331
121618
124479
139310
123885
118881
116398
119834
116308
121310
124817
120810
125130
117179
121223
117834
117750
89010
89373
85061
88271
92184
87209
90166
90113
110644
118688
93371
88012
87039
88442
86987
106019
89907
89560
87741
85323
89703
90066
90945
94234
95878
89863
90314
90992
90341
86863
102709
108317
73753
71653
71978
71315
73944
70982
75305
72958
71979
73346
73865
71834
72567
73262
71969
72249
73306
74020
72396
70628
71304
73233
81032
69550
71052
74780
75286
92448
76930
78769
73042
78520
76695
106535
87947
71266
98868
90072
58704
60484
60029
82752
88642
61870
80815
62180
60210
60079
68808
71470
74511
64160
65404
66040
73582
64807
75179
59590
59703
59677
57466
56242
61299
60240
60421
60838
59031
58276
71270
60109
60015
96031
60129
58372
60093
60180
58585
60247
57280
57429
57569
63194
74953
54385
54258
55169
63244
56062
53610
55289
70225
55492
70734


316126
228102
193645
188517
176830
173692
178210
309583
214087
231560
318572
329023
287838
315263
313101
255570
188800
196082
187719
193021
223913
227165
176840
246056
196609
188457
177193
188548
182078
198568
184643
182480
177790
234708
184378
178460
204729
179385
180467
181325
180368
179792
179783
176681
174485
244515
251592
291801
194965
247578
393418
320385
200776
224790
203774
192410
182501
235791
142372
118636
203199
216170
207778
202973
178096
119961
116275
151762
121658
120201
118967
119029
118008
122228
121419
121048
111048
116691
89259
87398
95950
93522
89707
107123
89291
88040
88454
88907
89710
90631
88387
85771
88831
89827
87972
106141
91180
88262
90075
88294
89959
91614
89267
92953
89498
140135
97440
85557
98198
104461
75113
72478
74444
71532
74096
68099
71300
74024
71248
71694
70736
72134
69642
72066
69340
71076
71651
67272
71722
70150
69912
70066
70810
74417
69292
70870
69784
75549
71776
82619
82656
72935
69933
69886
73580
69629
70334
75558
71357
74311
79007
59514
59740
59503
60522
60093
57302
62763
58956
58892
60848
57367
60837
60492
60913
59814
58175
59887
58363
62185
59565
61215
57665
58865
59825
59286
57063
58709
59739
60059
58768
56139
58396
68790
59500
61269
59778
63055
62366
62230
59321
57256
57432
57669
57529
58324
59402
58312
65140
66127


