524155
208825
222161
197594
226443
241816
202826
398306
192467
76343
584747
79906
256766
314703
1287543
200951
261176
236881
190776
196368
168921
303824
174072
217675
191368
178630
222524
441642
1104005
192203
203858
161893
474273
185596
145997
399589
344558
101297
532055
192158
173181
270819
190266
183273
165518
185540
322468
453056
153567
292175
180404
261953
437221
178192
151220
88577
382253
1066563
193168
180629
166591
315750
172820
150719
474785
110521
254921
648692
363359
662529
84078
285018
663203
194505
185575
137951
369984
182477
190040
159713
309716
183442
113186
375145
461067
184594
200516
62739
360832
553052
475348
193652
195416
296205
205802
90638
639252
455296
177173
174180
165819
234687
161172
259445
67371
459507
172625
238457
149766
279707
155997
329130
138013
303489
94272
725026
190000
133226
352341
257620
244792
121193
353878
140427
180797
533563
185651
488636
182385
175807
349319
196792
180462
175016
179946
190296
178265
168782
211967
53371
476558
170347
186545
90044
410933
172942
178985
150374
309709
182935
171470
183176
82197
366284
313071
783870
175067
261886
135752
305002
198247
601475
164193
200965
118450
125862
734462
180748
54823
363284
732734
164607
138620
390868
171887
96440
423596
179937
49861
366972
389168
843417
178273
168019
309288
185236
166995
126846
294314
396211
86883
448413
128569
329628
94036
496332
182354
139279
309184
185135


967467
826199
117957
532849
193885
200332
191358
171106
165218
570347
175220
191993
191337
260345
202762
194550
187357
166577
306883
194992
110577
502076
61939
477067
238024
840677
207228
196879
146928
312170
231950
1029943
189478
221689
227955
629507
193392
222304
116486
429607
179651
215247
53782
584024
183171
174399
226134
285155
135238
485683
194421
202059
116033
526228
123852
510775
169307
199657
448007
451351
185291
192693
52361
529501
125500
389548
162356
140361
735715
180021
256226
196038
142362
377598
55823
396321
650875
183596
188923
174079
298246
180297
142920
150272
279865
937962
175664
203649
235499
184120
151606
257381
113617
101371
366901
1247121
183357
176438
176426
136403
221737
245791
216970
1253575
162974
160757
163640
137261
131079
149756
412323
1619851
159169
168679
448947
102727
810763
160889
220690
179524
91674
398700
92619
415748
163497
1221297
334137
187229
185575
167915
80215
278902
488783
686987
164444
172090
78134
455448
174641
150450
214608
363925
479151
1241162
162469
156820
105394
440371
173251
137717
305463
163764
138164
221260
472107
429473
164176
146611
278681
181743
78419
482009
161314
314828
174750
240067
43602
189064
540011
1030152
169474
167737
262876
122985
435828
151839
257518
145248
296597
134420
90817
457783
826450
427747
59308
423132
334599
160700
215534
123526
469436
169815
162775
232523
104627
379607
134177
428485
1546834
180897


