727304
941930
976465
1776019
760797
698124
652587
658373
671388
423742
656932
1317938
5599524
190783
539877
525947
274700
638343
115063
593786
777314
258023
235035
107678
661707
212098
85555
189085
1003402
725196
1871449
179818
210231
335880
544347
164141
98506
306424
1051913
165095
141174
312173
470874
126178
443454
193474
136935
379956
127646
346421
756584
120299
302571
565174
602955
727346
202717
529390
333343
715498
1915184
2341353
165102
185032
233336
451915
968843
1739674
145530
299303
370540
303180
625306
200945
132238
454266
556434
881097
352281
799499
1019373
123676
223882
773607
186001
111862
527786
152637
361289
189453
209601
271698
370343
379570
238400
1535101
475959
1161820
1832900
187186
273987
178888
188163
126110
245737
834764
168063
176582
108720
522485
207682
128178
425532
171941
195269
171698
462612
507556
780794
120649
485237
184922
190954
179199
256333
178687
217567
618752
149234
299475
221809
242534
80924
615512
105009
205731
772245
79759
535919
173202
207334
205162
452935
106518
544837
221234
244615
75544
545262
138391
416848
104734
423415
1022842
305869
382869
422775
473271
1456409
198533
207764
175841
199910
159627
314426
185016
208737
152670
326966
234295
980503
198908
136915
262935
341132
677031
78984
508912
173658
162123
210108
313827
455025
497247
1705051
211074
120345
131702
260567
1234796
168999
88012
229433
626023
455359
979575
1044567
1184496
57413
506780


832274
649394
951330
1036512
850725
1353812
7881709
277659
643399
3374636
400320
542523
423701
240107
452707
600737
326485
313706
195040
969703
134021
546734
681581
413648
2068200
198525
77067
161464
421202
898525
444173
676548
1599284
1103105
5056709
153356
411191
291103
139093
234626
992829
271061
498469
177746
417078
232505
124346
391690
549669
815417
163696
299881
110789
524398
165472
330868
161486
273651
175547
155372
172480
55760
543433
160179
253806
488052
199101
195760
168026
376640
229964
675795
520750
1214072
1255595
1179473
138285
679755
162331
167029
434367
424608
441453
173012
112288
340190
2965830
716674
1267609
199014
75236
394812
814500
82774
390219
1023599
121727
504060
136114
364458
181846
856787
181309
182507
143556
438299
177169
267629
598775
79905
422615
567859
187676
190348
51141
543458
168251
341610
527140
838867
2384638
179438
177305
123938
515027
164632
148823
117189
913349
182066
128791
361695
565547
165458
121624
799705
168119
235769
435278
90167
853425
161594
292799
360002
177116
315695
286454
254662
530943
79465
363459
662919
892156
618400
209553
190177
172385
195709
242153
326173
130888
317544
178261
285703
381835
427483
1086971
955553
453326
1952303
181918
174939
238471
481797
166946
270242
59908
205001
637971
1128634
97521
234958
565985
941663
182670
262849
190260
170639
227455
147017
322500
807646
1530846
145868
359916
157737
288226
403357
899232
301169


