111594
99552
72493
253451
86566
76985
218869
370108
79885
42392
46734
77670
36470
99545
23774
31188
65487
19403
27968
24044
24890
20077
18985
16922
87655
33087
20653
19466
15136
24643
22018
38495
21757
29820
16044
16035
31573
15159
52921
14395
15920
14798
14831
15137
36188
18277
25607
68886
16755
17420
16618
23757
24304
14145
63455
16873
15104
48509
30962
35070
22940
16477
24656
34269
22349
25449
16464
14398
25467
24317
31270
51382
56914
41124
43145
33594
96605
32878
46407
67995
38041
34041
37086
19952
19260
16259
25063
14313
14038
16727
40752
35762
14965
57409
16932
23610
18229
74672
16029
24117
60237
13901
19510
33515
46414
14228
20922
23347
25765
15185
13709
29941
42870
60701
21939
50780
33009
16864
15017
15394
61385
16274
23664
21605
61071
22963
23774
13780
14218
13696
14153
13501
38327
18500
14034
13790
27066
16424
60306
45133
28383
25211
14252
25457
36511
16126
14327
13692
26698
14416
13725
13684
19666
16078
39087
31741
30397
29953
47507
37796
134748
28385
27224
39523
17743
16881
23077
33029
34378
22860
21977
16713
18083
15617
78909
18403
46428
55921
76439
59578
20563
16242
17366
25846
15434
23984
20303
32222
29263
16894
29144
18716
39748
19287
20151
17433
17635
70043
45118
35933


