56401
62326
118807
36922
47826
26098
37417
50338
36959
25816
25185
33015
23978
18485
13098
25097
18488
10024
9934
8500
13771
8032
13835
7692
6700
9194
7870
16009
9735
8676
7468
8996
6706
7065
6654
19883
21673
20423
11272
14285
36774
20310
18609
8365
9285
6936
9186
7637
6714
8206
14252
17597
6822
6979
8322
7774
8293
6316
9172
6252
6046
7631
6190
12440
10231
117415
32925
13243
7430
11105
19082
7489
8307
6398
6984
16194
92448
32633
11231
11479
8239
43677
14134
22317
23996
9521
8999
9901
13959
9986
23401
8722
17111
184773
17923
16206
8517
7784
9034
12684
9671
14620
14148
11499
7961
33989
16161
24642
28507
27362
10240
23598
120342
34651
23058
23260
11370
9464
14930
40845
25346
9380
10498
8502
10968
8691
8482
8047
9975
9536
10126
10791
10533
8108
15600
8641
10834
10419
7664
14105
30908
10285
19366
37126
35840
19082
39989
9141
19234
10760
9774
32243
12777
8019
12513
11555
6725
11736
9573
7186
6923
7668
12817
13222
11697
15681
13378
8351
7474
7207
6507
10956
6941
10959
9705
6496
6020
11917
6166
7941
7360
7660
8792
25412
26250
15172
8710
11119
7151
15021
26990
8546
7591
8639
10845
8153
8429
6689
6221
6986


65510
38927
31267
37850
88750
38329
87836
57874
36366
21517
20989
18023
19303
12194
11240
36140
10378
8967
16308
8456
13754
7100
6668
13195
8470
8025
6218
9999
17610
11036
9202
10713
6913
12974
12914
16693
13155
7461
14379
30545
23946
9492
8320
7394
9177
8229
7265
6592
7566
6552
6749
8565
8124
7782
13652
9618
9798
8176
6214
6809
7386
6090
11765
9195
7803
41658
16777
15660
16874
15673
12193
8885
7449
10556
8258
12414
14010
7649
6996
8311
6546
20533
13709
8470
6937
6223
7611
7746
13224
7111
8969
20488
15811
7350
7670
8250
8744
9229
7819
7094
6527
8897
8136
6795
10835
10090
6364
7056
12221
8674
33295
45402
26468
46984
13016
10940
12555
16032
10234
7141
8250
30131
54121
27410
11141
9177
8459
8796
7678
9133
7259
8866
8375
7229
7656
8033
10393
9179
7558
9266
6238
6846
8889
16877
7615
13824
34279
27405
14209
13555
12347
22441
16680
9685
9015
9130
10105
9576
12926
8787
23665
12026
9687
10356
8555
10143
7970
10603
12199
14174
13554
12858
11841
9652
11639
13190
10812
8424
9693
8923
10467
11303
13489
9376
8478
17725
20796
7967
7411
18342
29392
14282
34048
22046
27982
18994
13008
11623
8675
10826


