78649
21324
27306
13012
9375
8891
85216
101256
76244
23024
48344
44600
46780
68960
51478
80246
365581
78889
62090
63026
90914
81738
87341
68030
58816
59881
91752
57494
50342
51697
43660
91107
68681
61666
46669
28088
20057
10104
8163
62319
67881
73191
89103
97906
77762
69293
65595
71944
54967
67592
12660661
89777
76101
68526
69683
55657
110129
84621
69485
6708746
35859
24342
28883
20197
113691
14867
11737
10247
11689
9566
8415
11385
8163
23427
11797
13462
9482
9078
8681
7327
27756
9232
23197
45426
9736
12039
12790
11184
10496
12962
12171
40626
10579
7894
8550
8904
20345
24360
21834
9917
21347
15387
10674
7660
8100
8129
8262
8633
8460
13439
8214
8181
25910
23507
11776
8685
8025
6833
15943
10746
10453
36607
11438
10095
8510
7963
21952
25392
11159
18743
29706
11134
20980
23028
10845
26572
29088
23714
11186
29997
12700
14839
24231
7592
29562
11874
11855
48725
35437
17736
15496
16279
13770
8158
15658
20746
22521
15285
12961
10090
8193
7242
15658
6266
9144
10706
6872
2897464
28665
9814
7357
8147
10587
59086
12636
7722
19638
24501
11284
14222
8749
6289
7068
6410
7374
7877
6174
8078
26399
37261
10992
36840
33891
8637
10307
10619
12592
7926
21566
29040


28949
13992
8039
6458
8867
6661
5952
5680
12027
6889
6080
5590
6907
5504
15162
6563
11104
6345
5260
5380
5450
6611
5149
10854
8602
7163
7220
5084
5930
6176
5189
5792
7900
7052
7492
7077
12810
29781
58416
14414
15348
8390
8262
8807
9016
12958
13921
11684
10852
9356
7492
8717
7831
7372
6424
6050
7103
6114
7865
6222
6931
24125
9924
8823
6224
7396
7971
9073
13041
12101
7136
7894
8113
9813
7911
12439
8600
6912
9269
5269
12068
11714
5372
5453
11087
8978
6230
13645
5565
10697
23538
8538
13315
6664
5993
12738
11552
5302
5608
5717
8536
7830
7369
10534
10421
5733
6391
6090
16624
10040
11072
7551
6949
6981
7184
6775
10269
6650
9793
6496
8615
7401
9713
9493
6448
7026
8211
7528
6526
6818
29670
19498
11474
14982
8224
7021
14820
10656
6738
6695
7104
6967
6334
7469
6826
7135
6624
11179
46682
10044
8075
7108
11599
6580
6483
12397
8477
7341
7167
6475
8517
8012
8097
6587
6755
6289
6483
8119
7024
9542
6595
8730
9363
6676
8600
6782
12044
7493
12127
8413
6830
8363
8277
6898
6282
7209
8983
6807
6343
7063
6931
7360
8820
7271
6579
18570
6828
6233
7054
9710


