85576
26475
22577
16172
15730
55092
43565
24777
14031
33436
14198
34345
44160
16114
13949
14696
14527
13682
25129
14279
101919
14411
14592
16962
15436
29662
26395
15497
15396
35288
14219
14393
17226
44381
13733
15574
13868
13706
14811
13524
60546
14113
15250
32294
23970
12889
13577
50757
12643
22460
24412
13661
23779
13784
86591
12822
25650
35043
26320
17502
47748
34443
73386
13634
13439
20772
13661
23826
36288
13280
23373
13248
15258
21207
16658
14391
15582
13789
32824
13749
13580
15927
13297
14645
22916
16593
23209
12915
12540
12647
13005
23231
31649
13663
12735
46009
15935
20287
15948
22523
36862
87521
22593
24274
25889
44225
13617
13732
102596
18153
38329
12903
23153
42648
32892
13076
13239
13247
13777
13094
23922
16779
14936
14114
14350
14859
33905
14260
13135
51468
23751
25344
18566
14079
39219
41828
25326
39045
31795
226160
13533
25553
14772
25887
20714
15005
13102
21665
13479
14508
12967
12687
22446
52688
13864
13537
40779
31837
22113
13323
13111
13025
12536
12681
42578
12365
21570
20190
24527
96051
31833
14257
23382
12714
12168
12362
30513
13450
13268
12541
12752
12679
64266
12459
38253
48919
12077
21826
12562
11711
11991
27364
13221
22887
12655
26839
13357
13878
12098
22159


204867
15908
45704
23623
13975
13353
12735
27808
12740
22847
13398
25339
23386
12476
12905
19623
13983
31342
162552
12841
31361
22360
31882
13233
15081
46212
16037
117452
23702
12578
22721
13064
12354
12212
13926
12273
50229
12112
29738
23603
13233
23425
18399
69163
21486
12553
14743
23205
12442
51645
60396
50682
22097
36537
54931
20257
229793
83178
29596
17316
23330
26151
15364
23576
19878
15400
54386
22991
13993
103131
14879
16048
23072
14202
13772
70417
14553
42840
55047
38731
14519
15085
14321
15214
13051
52200
14304
15880
13959
13149
32126
16438
24599
13066
67123
66203
12924
14381
63097
12647
12659
24160
15268
13526
33243
13897
13709
43003
28517
17969
36417
14737
22969
134726
17134
26599
14519
23498
17718
13299
12551
13325
13824
14095
12740
13789
21605
37406
24440
13308
13625
14061
19890
32258
23233
34588
15386
24103
111460
15603
15109
23816
13608
43259
26020
28506
13034
15225
12919
24598
12436
12259
50815
12345
43718
29802
13068
31627
29011
14179
13369
46325
29928
14052
164539
42856
0
35825
13596
13397
14107
24851
22814
23133
15098
13658
24151
13414
42676
60634
13084
42090
14540
13908
13930
14011
67297
14032
24487
13662
13682
23916
44384
15117
14586
14209
13359
53050
63088
22669


