2735987
1853964
1767126
1708719
1691837
1722418
1622849
1543435
891011
847680
840651
849515
669752
676503
676003
676733
753994
630675
899036
772172
605641
518808
566086
484995
482799
515216
483731
490936
527442
480646
481684
498557
469979
459886
476486
468247
461574
474466
522900
461179
469888
466459
467208
460471
467490
462771
464330
463782
501218
501180
456247
493104
453870
448547
491080
457442
459366
476524
445848
448010
563033
630696
447655
477395
477688
454229
462777
448450
446495
458695
457764
465977
477290
473255
463530
445335
456299
559563
616336
531231
553035
450214
450966
499735
448803
446601
490914
452716
450571
487100
467505
447880
476008
446587
446879
473705
449536
455420
447308
612543
438942
447267
456371
483630
466197
453958
449747
430689
436220
432943
432095
433327
438542
434361
438103
495449
462888
465440
492526
454042
452817
481386
456915
515679
508529
448369
452381
473851
437525
433346
447653
484449
517845
488804
488846
480129
467473
439948
453892
460915
432849
433602
431471
434641
433979
435213
434745
512116
461816
437023
495931
444546
436218
470164
436876
436743
459755
437462
431738
453433
434029
440232
457597
480742
451790
463851
450974
443506
468405
434141
431122
433908
436178
429352
436298
447718
436619
433654
432499
521660
447979
431304
3277215
440204
440022
473422
417727
441885
462655
430810
434598
460071
435273
451308
469385
477684
433053
446408
439550
445371


1786669
1844543
1711865
1729503
1718544
1700217
1376782
1608895
1306317
856515
925675
960467
780020
698807
674874
680410
678560
625676
561073
568344
614902
560851
554942
585202
596155
498258
543501
480817
505332
489663
466801
463360
483334
467062
471079
474339
464398
463983
472684
477778
478280
473823
474274
461532
614666
539241
445864
445261
447807
555682
468672
474326
536985
446105
478107
519479
447351
452600
481443
448768
452089
485746
448268
449581
464570
527156
485237
481865
462042
444486
457477
449839
477964
455600
447893
448270
447380
449800
446565
452563
454131
491558
445883
462908
497682
447112
448626
530213
536594
519531
560510
492121
464270
499368
591344
477080
477864
452453
456726
465600
468318
453342
460241
453263
450641
457262
455291
449371
449679
453363
450778
445593
450736
446721
462856
452039
500263
456694
464265
493756
449038
448577
482458
450901
450486
483005
450748
435719
453831
432898
437452
875323
509045
489674
465957
451869
448316
755884
849502
468147
463004
448976
447328
457253
448151
455021
454492
452296
500014
451016
448276
493383
451650
449592
492155
451042
453349
476861
451882
455232
481994
448667
459332
450345
433110
436184
447892
437079
435013
442645
435456
478433
485278
435473
523680
473504
450479
455038
435224
434624
574552
441108
436258
874122
749195
456975
501340
449789
460425
479806
449847
445584
485781
473743
435680
2953389
435714
434401
447393
434329


