2721574
1988328
1856299
1961244
1361306
1530878
1105805
1013057
898569
902021
782950
710388
762215
781686
677155
592339
641149
592448
603987
961521
803778
507265
566246
527712
507458
550908
497124
486985
521925
494219
492321
523440
499208
487940
526217
495685
517037
600744
521559
523462
516525
486483
519577
515555
497439
491485
520565
509821
501630
499669
489413
474834
493945
481880
474833
490816
478469
470752
509850
537949
515540
529101
478657
490478
485206
473166
478562
485553
479156
483669
483438
475586
473220
479558
481364
505006
464511
471014
478677
474058
475011
483754
530157
503891
460972
475355
477516
465507
495742
482028
474479
481836
480119
488006
475432
480365
479555
472142
480899
537539
536227
577424
479820
515118
488112
480601
478037
477421
486426
480437
480828
488061
480051
477689
481340
482447
471145
479917
488500
479260
471504
491963
475560
544686
632475
512326
512056
487353
509140
532282
535832
544742
531117
482310
479998
591340
456219
456621
577182
482370
512131
603729
481222
486489
606932
485582
476785
645557
475799
526025
630490
492908
466010
603802
457491
480319
608891
471122
467553
606674
461990
564544
639159
477265
486045
668228
777031
474200
613952
467618
495071
630783
475775
481774
606594
486997
516863
591370
479363
482953
597240
475131
474740
588903
457603
469015
562834
464410
464237
572432
461713
465909
564524
464754
456397
547949
481515
458996
541427
458522


2117490
2397838
1828454
1870226
2224314
1805348
1901486
3802819
1571661
1228896
1477446
892381
920521
1161427
769848
747297
876387
718063
718449
719336
615162
595138
712035
604899
739785
628561
521127
562539
626602
523023
525045
666362
525630
520755
579535
495291
489899
583645
492797
494494
559098
573539
533021
583491
504367
491505
564871
495724
488168
532762
519072
476575
530777
475805
480933
515458
476655
506671
514300
478238
480062
517064
476755
474675
517287
478101
474543
515023
483424
475672
507306
477087
486456
577286
545009
816577
1002882
498700
497214
527300
504491
472160
517422
481068
477074
506140
480356
536858
510920
475629
473238
581307
508594
491554
515463
478570
468809
517919
488111
481380
497472
480037
476952
501177
543975
612288
534386
500629
526526
491309
475125
493240
526864
940596
641672
499602
479138
479451
486168
490451
484841
477547
476382
478926
481725
489850
472284
483378
476493
470263
464698
464204
459849
486252
484589
475388
489631
474350
475419
482919
474864
524149
479215
486264
460293
471528
462824
477209
458553
459393
458004
461218
462399
460853
457593
471658
482507
518422
891217
523893
749936
487228
478992
480515
479694
484001
475850
485304
479970
479637
474161
458554
462856
462664
462480
460446
461318
510733
472858
461450
539605
458859
461244
577880
469240
461507
588162
459759
464284
617508
465312
463526
598425
467442
476528
597104
452276
445616
587541
452281


