1328535
288424
262551
308855
268189
349757
271742
344149
272484
271023
254605
253406
252722
257856
243844
249846
265012
232821
278166
256448
249752
246991
232845
244695
260945
250653
441337
403425
532321
268037
266525
256054
264771
264299
248169
243817
248805
286857
243241
250927
260999
242440
256083
236333
268798
261540
244665
265383
252783
276270
264035
247732
268298
242871
245299
233553
262328
250653
239807
248183
261503
261360
254873
234436
242081
274952
260112
239281
281364
244451
230645
241184
243432
241996
254582
260628
235381
229029
247916
263882
226615
245824
249438
271280
242250
253142
255698
263702
235534
239429
268590
226559
236103
254056
237564
238425
233434
245417
233326
242179
245438
258075
247192
239528
266552
245534
279562
229906
249970
249101
232605
236077
255605
221337
236084
246007
250596
217139
241397
229878
244295
220479
245828
247946
253321
312234
229047
261514
224661
282044
236628
219194
229577
235858
245685
219948
234048
246795
241641
214346
238697
234888
225784
234819
236925
233591
225264
218085
226073
220485
258838
218044
209373
222584
215154
205448
211714
213994
218012
207075
218311
234513
309274
216725
216039
228124
231887
235010
213244
241996
228898
201101
196112
218042
217620
219171
211511
224774
218077
214386
224808
219140
238209
236536
232807
219202
232725
233415
237973
217718
253063
211013
216750
213986
227617
240203
220959
215771
226069
248321


935206
902423
447148
251192
229795
249699
230637
264414
245565
270990
247559
293478
258238
255140
247075
255421
253789
250769
248315
237649
227136
228829
230482
251538
255258
243275
230815
250273
232794
227208
286869
299434
261960
248662
270558
273857
251429
276516
237803
231193
249423
246629
258768
255192
233666
244971
241910
250244
265136
251019
265250
240952
242332
286271
252870
234524
258253
263911
235962
248478
224984
221236
241462
235292
223581
238677
238745
233925
234447
247417
255849
236225
247555
234570
264626
240408
237653
224046
236150
233125
223097
243312
240661
237603
236048
246193
230004
241800
244570
219596
226266
233048
239172
255232
241482
250996
221163
225114
228137
226951
232786
237367
223075
244451
242582
232576
223147
226859
221842
234731
222278
214672
209829
223353
230185
207517
234347
203023
258954
234902
213340
217551
228740
218121
199158
226634
218349
238152
217783
228266
240685
228172
233249
238199
217264
236104
235993
264759
237794
233567
226397
218552
230449
228980
205639
214120
240995
222953
224793
226427
206238
229711
217748
215168
233879
231088
258050
221214
241659
220518
223229
224660
217012
240574
223550
211140
213923
208723
211508
217979
204663
218125
205230
236367
209347
229719
215139
243613
214879
206175
211735
200900
203485
216354
218056
214005
212310
201717
215146
213940
251827
213622
223174
198684
221478
232661
226165
241070
258314
228288


