1132987
1646903
1301943
775259
789992
688384
528224
551883
519370
414213
430104
438073
473267
413978
363493
349308
302979
302360
290483
292165
300757
291594
346855
287572
308063
300211
287934
303355
310131
471960
279683
307261
274226
277592
297396
266990
275302
279729
269913
285355
276227
268581
278797
283764
327599
271376
287430
273642
263260
298078
273804
295353
268795
279355
285308
307281
390798
273130
284341
273975
268541
259889
284355
267813
297788
286840
322642
368234
288243
281723
302786
272923
297904
303238
609273
307879
281153
284115
289449
264911
294554
276669
286726
287372
274255
278074
251903
283221
276461
277950
295218
268804
267763
314014
268502
277170
262746
286704
274067
269861
286057
293858
451283
273266
408867
286758
280859
295847
289568
293490
320078
278169
267327
273605
268367
481143
276390
290706
283780
262607
295802
288001
397627
283536
288621
283773
282194
314880
274432
291917
300183
299002
276077
274731
269352
273902
297901
357157
275275
286489
267331
361686
306713
285302
311290
313725
281492
369394
282803
298273
272999
279205
281254
274186
314341
290550
270359
519867
444821
296778
270497
308686
271827
291407
256659
260842
292643
276608
272174
266732
296377
292375
271090
247170
251507
265084
269402
287435
289621
273786
284417
314027
285410
266598
288502
287503
324987
274482
296189
269586
277298
334546
289567
294997
266576
265211
294197
269622
303791
272183


1535926
1005852
1088313
1040942
1032507
992714
671141
750908
731408
620130
515188
406430
454552
348943
367541
471821
537767
307822
275687
292580
325971
282202
345423
281476
270425
333719
293423
294817
283417
372442
299398
282431
328481
285288
291226
288907
279071
270292
285597
311352
281766
270689
310907
279863
288072
283116
273966
292890
273216
278166
286703
258807
271020
274549
263807
260182
303027
282056
288356
296138
278361
280760
326356
280876
281547
263924
295735
263524
263629
334609
272757
271179
274179
275464
280903
270610
295096
289618
268175
268369
283197
282143
263115
285336
292555
284079
331844
305441
290296
283012
275724
266268
280896
266239
263694
277119
309584
287098
262865
275599
277418
267656
354385
341975
288827
280792
293284
311099
295070
289233
293589
264607
277551
318641
275384
290234
276007
274931
257192
285630
280417
270620
281875
301957
293269
283177
299720
276438
308653
357635
340002
293836
286850
280298
276201
280250
260400
298840
293153
276287
306510
295386
312750
304354
300996
258212
277897
312251
274070
282602
271082
276755
268127
304867
294135
276133
309426
315502
298941
278861
288780
275263
261798
263321
320789
293328
278112
258974
267995
287752
295835
292923
269038
252052
343454
327833
253378
273532
271833
235851
291498
292613
273370
265746
299455
266465
268948
287661
315324
261412
298331
318105
273736
285519
286602
267693
260195
270579
296454
269753


