480560
116034
325887
122255
146719
60888
311823
535644
71599
94413
62794
157468
34410
88524
22942
99493
44303
31076
92141
41963
57463
91793
79918
74020
68527
67403
77517
64564
41406
170125
60187
86826
36063
73346
119222
30582
29050
25252
33636
16114
13872
12119
17810
96388
32220
15373
44576
29471
29106
31983
13822
38998
69020
9748
6241
10154
26788
14155
7225
11376
24068
10294
9616
2403
5006
15710
7240
6447
10736
3796
3135
35023
3435
16054
16764
2150
2221
5850
6475
18226
32130
2139
28043
9964
1144
4626
17383
4111
21547
8834
1040
7812
27521
4488
2657
3186
30621
4313
2099
12720
7016
8997
3057
10238
7993
6947
4901
9146
17211
6374
7606
10766
7029
10105
941
8664
4019
4396
3852
5685
924
9770
5332
6210
14174
6085
5117
11422
7445
7979
999
7423
1231
2049
12187
6231
20579
4208
3090
4908
5195
1293
11360
6297
6895
11751
11074
5298
5748
5613
5025
4868
5629
9911
3691
6953
2572
5564
3132
8816
6061
3865
2917
893
8219
932
4535
3217
14696
7099
6060
2299
4906
2622
2200
3221
19840
973
9477
5363
835
1455
13866
4658
2778
7470
3091
3164
9819
5523
6604
2651
2471
3641
4251
13190
23197
5254
8827
7966


99657
3482
20269
12924
6398
3469
7717
2567
20906
12116
21642
12655
7160
8503
6320
2460
7999
20958
4842
6442
10597
9634
10051
7856
7551
4010
158614
16235
6348
10908
10585
6906
8971
4533
11230
6508
4766
1289
11297
22430
9528
6567
8146
9986
25161
10022
10145
11270
2423
16509
2588
9925
27846
11642
3486
9424
8399
6629
21705
15059
12882
40334
7880
41341
26816
7566
7068
14105
23113
11944
30700
2500
10436
15336
21760
3288
4049
13405
44133
11942
9843
18159
8151
7149
12111
19616
14358
7667
6983
2658
2274
12008
5679
3615
35390
5937
11841
8606
6038
3848
11102
6828
5377
24797
3644
12885
57087
26951
40615
3222
5915
3235
6268
2306
11940
3162
3370
6476
1683
11716
3579
854
10222
3144
8564
9047
9374
11388
2064
11620
5735
12047
34645
2602
3557
2596
3374
5805
1975
2382
4116
1605
4556
4386
2598
1433
5758
6985
3151
4641
6094
2384
16302
2267
1782
609
5182
1436
2271
1821
1782
1649
3529
1043
4077
1877
1440
2395
776
8598
1654
1370
1225
1188
4340
2668
1840
1699
3050
6206
3004
1226
2890
864
6928
9758
2532
9559
449
1747
2366
6990
1430
3334
6734
11645
3173
1200
13011
11884


