107670
8354
12825
2290
11574
6399
2332
3238
7852
12315
9026
20022
3893
4020
4680
5431
3577
3166
3798
7906
2750
4838
1692
3396
16325
8759
2740
5386
9890
5801
6376
5339
5990
1841
7024
5094
1701
8494
14850
5606
3584
4721
6166
4977
4081
4322
8811
4573
2826
7148
3906
3841
8280
10125
16736
13681
23912
2744
3365
13088
4418
4610
3106
1798
10157
5417
7432
15803
12070
16669
5091
15000
6565
24846
1799
14318
5015
2416
6096
6110
4220
2199
9043
7609
6915
3386
8647
4834
3527
4066
9933
3652
3337
2178
12311
5230
2526
3013
7542
9052
3259
4580
3017
3453
4133
18167
4875
5608
11447
3772
5562
4460
1969
14279
3610
4297
4165
1859
6270
3390
3870
10092
3143
3143
3769
3216
3395
5637
3081
12722
4212
3199
1647
5700
2049
9538
3731
8817
8943
4537
5527
3871
13409
9516
3662
4944
3069
1731
7843
6382
9413
14208
23368
3708
1804
1139
737
1511
2705
1212
3017
1569
1314
809
2439
778
2827
1172
6310
1176
3040
5471
962
2163
1152
1093
1314
1578
1899
2527
955
468
839
2723
681
1967
984
2732
1049
882
940
1072
1533
1160
2732
738
652
1735
805
1606


13118
2900
42838
6078
2654
3797
11635
5442
10202
6129
20822
6007
4946
7777
7369
5557
21024
4460
16224
1968
6642
4309
4137
4845
5563
29599
4249
5448
2369
6560
3761
6601
2088
9064
5231
1741
6469
15888
1811
9298
4865
4964
1732
6255
2849
6266
5889
4351
1654
7148
8730
4479
3524
7523
6243
5716
10332
6860
6641
3473
8515
4242
2187
5625
3133
2867
5668
5056
2174
4397
4768
15281
3927
3315
2610
16255
3514
4347
13568
2433
3964
6655
4652
10552
9154
13869
3762
11625
3496
11839
8988
4891
6896
4599
4117
3341
2526
5704
10160
4243
1746
4865
3549
17550
9954
4223
2422
11334
3929
2660
4933
3871
13680
3929
27566
4112
2785
9043
3314
1757
3273
13502
3379
5402
2912
11261
5104
3908
2930
3988
2137
4736
8085
14538
4292
3997
4049
2725
6340
4296
3794
8737
3466
3481
2807
5980
9402
4335
1929
5385
9535
3721
2856
9556
4360
4942
3596
5727
4798
34764
5559
5864
6222
2875
4436
11498
15151
2885
10987
9838
4203
9417
3151
5322
3045
7314
31206
899
1101
819
6075
2143
1796
2845
1435
6439
1068
536
2404
2918
1013
809
700
1188
2605
1557
2679
838
627
711


