57568
15851
12766
15829
12826
11709
13063
11431
14611
16512
12983
12979
0
11615
11654
21227
12413
12936
11818
11965
12548
11883
12441
0
31037
18696
15853
12267
12085
14661
0
25345
12185
13544
15477
0
0
22785
12689
12028
11834
11667
11595
0
19326
14905
13242
11597
12645
12275
11718
17192
12867
13964
14957
12581
13522
12733
13778
11946
0
12048
0
332538
33924
14445
13819
12758
16043
11436
15890
11961
11262
0
24505
14987
11542
17934
11769
11601
21690
17813
12608
19982
11992
0
16965
12030
11579
11494
11189
11459
24236
12634
19486
13299
17254
11867
0
0
26257
12088
18348
14313
11208
10944
11110
12046
0
17028
0
18213
22256
12083
15226
11886
15996
16015
11722
15611
11909
0
15345
15392
16841
22009
11848
15519
12743
15604
0
16888
11653
25346
3398
4747
4522
3151
4623
3452
4258
3205
4010
3317
4024
5232
5029
3148
5254
3264
4019
5455
5102
5000
3402
4131
3205
3930
5249
4988
4892
5104
3218
5446
5107
5310
5046
4779
5106
5611
5202
3173
4171
4860
5549
5090
0
4390
3175
3230
4181
5201
5195
5658
5388
3191
5068
5279
5309
5025
5087
4863
3064
5412
3331
4336
4824
5312
3191
5284


44640
0
17573
17292
16495
21885
21711
31148
32576
12202
0
13179
9096
10045
33282
22182
12668
11010
0
14559
9400
10721
8977
8928
10013
16919
9496
9061
12912
14711
0
0
12214
9142
8887
9088
8883
8942
8885
9244
8947
9945
9000
23123
11261
8953
0
12189
0
9552
12427
23123
20371
19750
21203
23993
22263
20732
0
22709
24785
24270
28606
25214
0
24723
23811
23172
23590
28930
24762
28698
22456
0
23722
77873
24322
17523
61300
24048
22263
17811
22008
29476
25894
18257
17230
18284
30242
23122
19848
19127
17420
26531
23455
22638
25341
22576
23086
22654
0
0
26174
0
24849
26605
21516
0
30654
31450
25758
28759
25020
23022
23062
22367
26931
0
25366
38934
7187
6513
6141
6485
0
6357
7187
5164
0
3886
3293
5623
5659
15541
4902
2682
5540
2767
3960
2818
0
3802
3362
2639
4740
3322
2926
2684
3139
3567
4047
3614
3251
3108
2760
4415
3267
5373
5348
5802
2746
2561
3300
2934
4597
2602
4291
2672
4110
3115
2890
3858
2647
4096
3050
4018
2716
2564
0
3892
2701
0
4043
2649
4416
0
0
4014
2944
11713
4996
5008
2962
4597
3314
3864
3826
2550
4198
2899


