91285
15845
10435
0
15672
14774
12455
10762
10008
9958
9770
12966
17173
14315
12211
27480
10766
10547
28639
11108
12398
30036
24881
13914
10145
12368
15403
23414
0
15626
16380
10948
10478
18949
12725
10071
13882
10423
14562
16444
21924
13444
13305
0
0
14129
123750
0
21228
20157
11403
0
14266
31334
27870
19099
10190
14155
0
14229
0
18011
10466
15401
18603
12329
10349
14410
9781
9786
18431
10172
14390
10054
10073
10646
0
9903
13032
9883
16288
0
10335
13002
10081
10509
9922
12342
16245
0
10216
10050
12458
10919
39414
10537
10190
9940
13982
10138
0
13240
9948
13250
14710
9986
10265
9743
9849
24258
20487
0
18474
15763
10455
0
15854
10620
11703
80848
11612
16244
10307
12564
10151
10619
10180
9937
10062
21123
18764
0
9955
0
10701
17553
10267
10102
10321
14731
25743
10104
11118
0
12283
42001
12529
12036
10047
16681
13917
9854
46232
10293
25716
10046
15279
9980
17330
10983
12658
10059
14034
16148
10304
11960
11652
16306
17932
0
0
14929
18427
12542
12957
0
9744
12735
10005
15336
9663
10374
120722
13050
17412
10300
9990
14652
9983
12575
12833
18636
0
33539
14948
17833
10223
16995
15946
10173


96580
17320
9337
8471
9264
8838
0
10965
8329
8642
0
9336
10509
9402
24438
9467
9044
9446
8503
18981
8709
8765
16250
0
12010
8644
10273
0
8654
10588
8668
18038
11423
10495
8870
8211
8311
9816
12370
14125
9684
0
15534
11389
8784
0
14087
9556
10961
9582
8184
8906
16583
8759
21427
8858
10972
16897
9293
8377
10917
10461
10744
0
14655
9228
8635
11524
17709
8882
0
19209
9834
18221
9999
9909
18597
9014
17735
9047
10311
14614
0
14923
10356
8177
8315
0
13472
22540
13175
15126
9596
8367
8287
0
0
13351
10510
8249
43682
15118
11846
9690
0
14862
8790
19130
9241
18890
10826
9139
11231
14734
9142
8666
16251
0
13572
9967
9644
8371
8238
8397
16202
8780
8934
14782
9584
17024
9375
8595
17733
9704
10466
8738
8711
17096
12659
17657
22904
11833
8508
16326
8817
8828
16959
8819
8492
8787
8974
17243
9135
9179
17461
9275
20066
9309
8644
14724
8569
8354
15071
22292
9159
10343
10248
8877
8314
8233
16888
10256
8945
8645
17283
9117
10050
0
4220
2621
2347
2396
5272
2921
4412
2409
3071
4694
2528
2683
4294
2392
2752
4344
5824
2362
2254
2879
2290
2289


