15529471
61411
37552
37912
35300
35685
59780
39634
46762
36321
44574
46283
41097
0
36315
35807
36534
42661
0
36788
64962
53976
60170
44129
34354
39674
43488
0
39443
34195
53808
34204
33498
0
54327
34957
38314
0
35515
39671
55823
43637
53764
39220
34116
47767
39692
37223
58919
36121
0
70477
35132
34991
44370
34319
31570
44440
31938
34712
31547
34849
0
30749
0
36912
31488
30809
32956
32315
37174
31830
33779
36353
33712
33534
30762
36809
31811
32640
32057
40741
30112
38743
29726
30767
32205
29821
31355
34849
29144
30984
30190
0
30599
30145
37696
30832
68910
0
30804
31113
33156
38578
36718
36148
29707
32919
30912
35875
44795
0
32348
45020
29648
28727
38370
36468
29905
32382
31025
31844
28616
29161
27894
27599
30962
30635
30046
0
27918
36242
27959
31471
35625
27126
27138
30301
29130
50027
0
28492
32316
28854
0
29394
0
28123
27848
28895
26479
28316
25996
42764
33472
34461
25998
25731
27204
25693
29223
25529
33496
40615
0
26266
25750
0
25626
31614
31840
0
27332
32288
28150
32278
24979
26245
32680
30665
0
30451
26767
25840
27065
36349
31617
0
27014
0
34523
73825
26197
24571
24823
35344
0
28637
25466
24596


81287
26505
40416
35104
0
55884
20007
22149
18509
20021
19036
16859
27206
18833
18071
18849
17317
0
27021
31510
56544
31194
33848
39808
55819
34008
38610
34847
32155
31664
42861
40457
59565
33666
32329
57718
38115
37208
35653
31594
33680
42401
38925
0
0
33795
0
35601
31641
31219
32627
32085
30157
36157
29710
33977
0
30058
101462
108285
55779
0
34307
0
26112
55462
23316
25737
70401
30866
37509
33638
32971
0
35547
36502
34807
53484
29682
31018
40785
48693
38497
31757
37778
0
43632
50037
43146
39203
47333
76940
24188
25853
17537
21619
17583
16125
17246
18413
16931
0
16136
15755
17079
15827
17382
15783
15986
16024
0
17007
15998
17194
18250
24692
16301
17086
19658
21196
16889
19004
16030
17677
15464
17248
32124
15939
13009
17353
14176
14673
13586
13384
13730
15239
25620
14338
13950
13264
15059
12291
12604
13252
17499
16555
15798
13556
13207
13267
19700
16704
13230
15193
0
13542
0
12855
12571
12592
13649
12730
14827
16433
14534
15562
12531
12833
14997
0
26686
0
0
14055
15188
0
18755
13191
13525
42314
15134
13113
0
13915
11300
12327
19486
27213
21884
16549
28991
22325
21179
22974
20691
23223
20626
30502
23584
41141


