0
0
186165
67821
70059
75840
68814
65564
50589
65763
63695
70146
57200
50942
68719
53204
58189
75728
98174
55228
53885
63583
77598
69369
81625
53605
77393
51710
65977
62509
80013
97688
131569
51851
52490
60722
58590
87103
102861
71394
73528
72318
67066
62085
65161
123180
67160
47736
41504
67745
100661
43674
34815
46625
42207
33533
0
57463
34321
31684
31441
36056
28614
33485
36565
32719
31091
44540
33403
34326
27970
34867
31822
33409
0
31840
37656
30824
26579
41211
32028
38409
27024
34091
26761
30667
46202
31629
31453
30242
63454
0
32009
47445
34430
30799
31096
30016
29838
0
40764
30447
25573
24792
24528
44033
24478
24093
22561
21811
22351
22963
26152
25005
26009
20449
39892
28761
22755
20462
18766
20700
21974
21012
28859
18433
24087
0
21722
24582
24879
28993
25129
69371
35959
20153
20558
0
23392
21128
19951
21866
20062
17783
34921
40906
20634
20103
21061
19276
27302
19501
22225
20902
21768
22489
16656
16936
19987
44502
23501
17337
18033
0
0
42692
23527
17189
25082
30396
18372
0
32376
49093
73030
44678
50909
0
48495
38399
47879
44538
47187
40802
40664
45439
45949
59420
41321
45267
47384
34551
43232
39983
39862
39902
34292
38895
29994
31743


