1657350
103123
80490
87970
78086
73604
78890
60338
90618
131018
48981
42054
48848
42509
46918
42467
36021
38196
40147
37292
50388
37706
38011
42797
33985
40680
31705
49203
33317
34352
33499
32050
31895
31269
30812
31452
30406
31244
56700
33272
32164
31352
31739
48621
30973
50840
25543
24007
25956
23638
27340
45743
26132
21212
21404
20290
22356
21433
21508
20501
21630
19073
21437
28264
18816
19060
18838
18637
19272
17643
18475
20441
27148
14932
14189
13991
15361
14151
16181
13003
12960
13623
13204
12638
22004
13000
19346
11908
12372
11478
11450
11346
12068
11980
11241
12333
10957
10993
11034
11212
11130
11776
13239
11645
19863
12392
11906
13190
12681
13455
12768
12982
12709
13363
13064
13046
14490
12997
13600
16852
26171
17423
13640
88349
15973
13489
13392
14179
11970
12186
12992
14052
12117
12707
12216
11975
14585
10263
10300
12711
10731
10260
10231
10218
10226
10326
9999
10223
10813
10577
11933
9908
9872
15392
9922
9870
10334
10900
9881
10109
13334
11607
10976
12240
12568
12613
11879
11945
13026
11819
12093
11837
11742
13173
11971
11780
11869
13794
11784
11682
11944
11561
11821
11988
12066
10017
9826
11353
9967
10748
10216
10096
10095
9960
10154
10096
14696
10971
9884
10340


62027
6813
27179
5946
4190
3942
8056
4010
3769
3997
3627
3929
3907
3955
3839
4041
4125
3879
3763
3987
3780
3694
3750
3755
8985
3834
3793
4333
3916
3732
3780
3578
3829
3884
3678
3782
3616
4029
3749
4057
3807
3651
4082
4574
3936
3591
3623
3739
5362
5485
5350
3799
3999
4116
4008
4228
4156
4049
4338
3901
3953
5634
5592
5709
5615
5451
5325
5494
5728
6182
5368
5440
5096
6403
5472
5366
6507
5295
5654
5026
5433
5644
5553
5127
4878
3836
3848
3675
3851
3918
3710
3605
4034
4609
3898
3870
3867
3713
3618
3702
3663
4565
3914
3944
3847
4317
4267
6397
5510
5301
5325
5321
5742
5737
6156
5703
5289
6789
5726
7270
5450
5608
5502
5398
6207
5648
5500
6517
5796
5236
5310
5189
3731
4032
4183
3666
3876
3748
3892
3803
3956
3610
3943
4270
3788
5112
3822
3973
3825
3815
3617
3664
6951
4209
3616
3629
3662
3603
3572
5436
5321
5185
5135
5811
5204
6638
18563
8155
5294
5133
8866
5292
5515
5245
5329
5257
5370
5067
6447
5168
6534
5565
5141
5559
5197
5264
5123
5019
5381
4911
5092
3771
4142
3824
4046
3674
4109
3615
4211
3732


