2389978
105287
104532
107386
133262
110142
114711
87861
175697
82267
83950
70670
75124
54745
56585
55151
56739
52672
71963
74505
63170
54412
59279
58430
46489
57925
48770
50950
51507
50555
56426
50102
49282
60351
51981
48946
52830
41878
45059
36191
36912
35903
35458
35592
33884
57382
33610
36462
31014
29284
26598
58159
28590
25626
26957
27461
27003
24301
25255
25500
24888
24613
23605
56070
28911
33312
27098
23604
25689
22955
23465
23490
26290
27426
26833
26860
39763
20392
28222
21162
19975
19545
20939
22490
36765
24124
19575
18289
19847
28723
16568
17159
18405
19721
20137
16155
16708
16683
16958
16727
18593
18811
23783
17945
21011
17800
17232
16765
17059
17742
17081
19503
20553
31472
14780
14342
16188
15604
15251
14897
14931
17161
16839
110123
16139
14701
14972
19115
14228
19849
17247
13850
19298
14868
15002
14239
19310
18726
14107
13216
14255
19907
15690
16990
13852
14287
13971
14268
16694
16034
16156
16713
15421
26591
13317
12821
13661
16776
15259
17492
17236
17009
14926
17180
15634
14375
13835
14292
17439
17099
19897
17234
14167
14952
14189
15004
14713
14960
17355
19415
18374
14833
17464
15051
14468
13556
14712
16946
16965
19611
15012
15076
14915
15361
14208
17405
19751
16996
17349
15039


76015
11858
7511
4835
4583
4819
4387
4636
8854
4374
6154
6444
6205
4363
4392
4222
4462
4313
4389
6336
6337
6238
6157
4250
4490
4424
22231
5382
4235
6266
6043
7578
4369
4337
4236
4324
13035
4329
6075
6853
6265
4208
4170
4444
4610
4529
4491
6118
7704
6286
4946
4701
4776
4586
4513
4448
4415
4319
6257
6789
6670
4689
4363
4294
4449
4380
4276
4202
6464
7781
6094
6489
4612
4520
4481
6292
4297
6309
4193
4016
6024
7828
6243
4252
4326
4026
4132
4503
4257
6166
5990
5872
4092
4211
4360
4645
4455
4174
4410
6073
6770
6082
4057
4348
4105
4178
4175
4228
4132
6209
6110
6242
4034
5058
4279
4408
4264
4145
5871
7009
6091
4188
4406
4177
4230
4082
4354
6252
6842
7689
5609
5518
7604
6530
6851
4803
30418
8184
8466
6926
4597
4602
4512
4182
4379
4467
6155
5893
8139
5925
4155
4165
13190
4299
4051
5851
6109
6213
5604
4646
3862
5128
3994
4102
5563
7645
5759
3934
4019
4045
3764
3895
3948
5784
5628
5989
5761
3883
4065
3795
4207
3771
7222
5684
5810
5717
3861
3971
3861
3874
4013
3859
5714
5722
5538
5859
3831
3515
3835
4033


