70496
27277
18690
16625
20633
13237
12737
14696
12835
10326
22331
15731
15129
12425
11834
11827
13403
22534
11453
12629
14273
17939
14333
21356
12025
10974
15520
13980
12624
18294
18117
16022
14132
22591
17154
13162
17108
14606
12534
14037
26753
26107
18217
17417
16152
21998
14354
15613
13636
21302
19209
23902
39450
22595
31944
24591
25510
29267
53087
7186
5747
6992
8030
5809
11514
7543
6741
6043
5003
9124
9688
6977
6560
9142
7558
7272
10145
7160
8464
7583
10887
5106
5593
6451
6467
10304
7886
10836
7463
7066
7000
3488
3705
4393
3172
3996
3374
4150
3252
4010
4225
2673
6501
9056
6240
5628
8026
8119
7434
6215
7340
7275
6010
5701
6219
7264
17593
8511
7087
7278
5048
7262
11554
5982
7888
6053
6262
13703
8248
6527
7845
6924
5729
7717
5967
10167
5925
6627
7820
7770
7529
7627
4439
6300
5327
6076
9359
32192
8386
6023
7752
7168
7042
8463
9177
7833
6580
7935
7199
12273
5118
7549
7750
6776
5999
6253
7371
10199
6608
8238
10543
7777
6579
5989
4891
10223
6988
7929
6469
7081
8954
5800
8748
7042
7442
7989
6158
8656
8464
7245
6098
6991
5122
8494
7699
7818
7615
6937
9665
9844


182477
32459
11589
11240
10420
10797
10662
9396
18402
9500
13007
9117
8551
9198
17723
8781
12990
9421
8630
6904
5587
17136
5442
7084
5436
6651
7622
4599
5347
6071
5658
5925
6617
6342
6345
6020
4555
4928
5789
5294
5704
7059
6613
5783
10770
7528
10012
7626
9132
10633
9495
17192
11155
8753
9875
12277
10842
10137
9250
7835
43494
9273
9212
10003
6689
27243
7660
8239
12643
12796
9921
18613
9556
10179
10935
9851
8301
17523
9488
8150
7333
12037
10902
5923
2329
2261
2553
3046
2981
2003
3024
2765
1949
3200
2535
1961
4286
1831
2759
3040
2739
3172
2675
4614
2461
1918
2525
2228
2756
3039
2365
2065
2616
2489
2768
3236
3067
5071
2632
3179
2248
1963
2180
2149
2203
2385
40298
2324
2615
2536
2606
1910
3701
3083
2224
2323
2401
4478
2306
2604
2263
2448
1777
3975
1871
1946
2430
2649
2335
3971
2160
2852
2044
2087
2336
2084
1565
2389
2322
1546
2482
1945
4644
2232
1693
1904
1418
15986
4390
1875
2602
4016
1814
1971
4182
2081
2413
3581
2316
2574
5925
2795
2309
1920
2535
2009
1679
1803
1976
1820
1978
1940
3753
2798
2429
2505
1727
2091
4257
2952


