521662
142620
64773
61606
53637
60209
53829
78125
57977
60266
63657
64679
96993
104099
26429
27919
22002
41674
28349
29912
25916
33858
21187
21240
16598
17837
24737
13337
17446
16477
12346
7996
9021
7865
10324
9428
7121
10311
5980
6216
6358
6375
6042
6297
7505
6142
5899
7313
8371
7785
4944
6426
6169
7761
6048
6328
6356
6493
6361
11043
6959
8007
7324
8741
6488
6788
5170
6194
6417
5720
5302
7299
7430
8046
5855
6385
5899
6035
6367
8114
10218
8477
6134
6071
5666
4361
4527
4417
3167
6237
6127
5485
12410
5892
7773
6665
6631
3039
4500
5024
5133
5503
3766
5013
4751
5125
5240
6944
7897
6612
23411
4064
4429
4842
4617
4693
5224
5212
5447
4053
6656
5252
8173
4322
4993
4776
5236
5754
5423
4241
5372
5357
6698
6751
6493
5031
5541
5111
4931
4289
5782
5182
4065
4188
6928
6954
6384
4807
5749
4787
4334
4391
4646
4644
4749
4266
4378
6197
6550
6999
9626
4686
4308
4668
4792
4312
5140
12575
4627
4896
6634
6263
4021
4173
5087
4629
5024
2791
4936
4437
4897
4485
10905
5987
6316
4301
3620
8427
9396
6451
5427
5898
5443
5299
5471
4845
6813
6842
7083
5664


158049
14364
15667
8673
14762
14902
8050
6735
9394
8575
7959
7774
7839
6900
6914
7233
7473
15218
13411
12895
6868
6672
64493
13185
9630
12803
12613
13597
13163
10773
22302
20314
20345
13515
12862
14463
14575
11808
14346
11459
13550
20557
20834
22807
24125
10025
13838
13321
12635
13630
11244
11162
12257
12817
14779
23572
21261
24988
18311
16694
14233
13039
12365
8995
13477
11792
13632
13338
11696
36306
22945
21733
16463
13875
16009
15231
15406
15079
25798
15439
41562
21507
9393
4741
4323
4124
4650
6269
4720
4510
4154
4016
8233
7399
7081
7526
5965
4705
4724
4386
8803
5315
4845
5164
22641
4809
5806
4892
4712
4642
4950
4119
5120
4829
7395
7087
6972
19014
4065
4109
4422
4944
4258
5092
4874
4517
7837
6079
7265
3548
3409
4130
5525
4686
3956
5231
4811
3866
5295
7246
7251
6966
4383
5411
4805
4644
3582
5166
4972
4294
6278
4316
7770
6825
7616
4678
4671
5106
4783
4872
4117
5856
9817
6830
6904
5052
5053
4622
6076
4302
5343
4451
3820
4480
3786
7220
8584
7193
4568
2358
5124
4668
4279
4429
5539
4416
4770
6728
7442
6862
4494
4554
3276
4757
5244
4833
4061
4934
4671
3918


