38328
141644
244785
63166
66856
69026
33853
92969
16468
42781
15417
44836
23270
44501
181255
24026
21911
11194
58689
17860
15626
70079
26667
27593
13906
33997
56979
31855
26981
29414
130238
88204
188813
118285
44929
48502
91784
46662
110044
102206
502226
14932
54294
45659
27709
56601
22900
93302
56789
75104
59779
61104
60592
68158
87145
284841
154383
386430
154390
281112
365342
364237
267119
567501
26847
10269
35884
23188
43344
79117
103894
91467
163529
25360
27644
23481
23454
18607
40928
25471
21652
24181
26063
21106
102181
22686
14898
15452
74209
26452
44244
54962
169397
25336
16143
33385
23160
45073
6263
52293
7718
39803
57733
21192
14837
35590
39065
172870
13538
39411
32335
28285
39636
62764
90287
155335
18410
27651
51789
62699
98078
23483
20994
27036
17500
43098
69070
32724
64435
96019
67525
61880
140672
144408
24958
22448
35638
31528
41834
85901
14031
37952
31887
25079
45972
132516
36022
77394
188635
21481
15439
23975
70746
24209
18038
36477
61537
23429
24452
23756
8441
55231
65233
31611
49702
145970
23158
30411
23434
38257
21810
15132
21307
31950
51794
136946
20766
22810
31325
54179
74629
84361
80102
78462
46589
223579
24608
14307
31642
15172
45594
50055
186609
23316
26837
7855
58643
31728
51535
152640


98347
94144
87624
88937
50028
106097
85802
254714
148394
541697
75063
99275
61146
143356
299563
269945
311807
847118
92552
83218
130508
60521
23693
34111
25562
8096
56583
17150
48730
17416
24087
38684
47440
124234
12019
23534
35766
45134
79841
67592
151045
75457
71263
151875
84572
353716
25681
31182
25523
13213
39441
75509
22220
27753
21692
28687
43974
27662
13428
49993
22075
40096
13442
14772
57601
75888
21564
51407
118948
140089
20317
8232
67970
16245
76301
26145
24679
99228
246939
36013
9849
33109
35830
31588
147224
25334
18315
37962
18238
39839
14241
41117
75382
32930
20981
33237
9626
62486
64623
6930
47872
29816
44252
52934
129228
23065
15393
46560
20568
9265
19566
67193
134416
16508
49440
31180
59501
50379
18913
107496
32991
42408
94346
18615
36168
24231
11747
44298
19590
32775
32747
21924
51266
40453
85733
30158
42142
21974
87104
11522
52973
10562
16593
63678
76201
74405
19913
12531
61855
22869
20812
23336
15418
28513
37134
82461
14571
39821
16266
32324
38338
70374
63482
159143
73753
107785
91467
118665
122772
274552
176941
294669
249164
23678
15635
42980
44092
9519
24828
30134
80576
48146
171558
14883
22864
75624
28966
36404
11378
22979
63165
24886
68011
228983
30702
14162
45682
67489
10213
63311


