87908
197200
303847
374859
513880
308337
346011
543489
1007495
659815
1443413
1854013
395521
387599
1037377
605386
355798
458046
601735
834481
738114
748587
1726323
906509
1303058
404991
399629
251210
682098
255122
347498
1346242
895148
482939
1229135
276797
611574
2592735
31634
58831
137548
42253
22503
83085
62676
59930
100363
100538
153586
428021
30883
82196
84984
45324
101389
35896
48376
50753
39603
26283
31030
133285
16293
55230
77065
126075
200648
201047
74487
48267
110286
169644
128698
143524
251630
156220
247399
312400
424978
158281
509385
94950
283658
287517
280990
193108
270991
320730
243936
507648
294340
1499532
24607
16982
22901
60376
75550
87362
177042
196808
220566
76706
20822
146493
19826
74015
65374
29383
32494
62983
46564
32892
163323
78360
133812
132152
19365
51269
47120
15019
40601
87656
22784
10795
47543
52138
70307
28087
23097
18970
30436
50604
27003
42067
28957
21471
37107
29697
35615
39179
33257
53063
25342
22233
34284
33031
14221
92969
14675
119362
21213
26538
61256
15841
44114
45348
21406
54283
51611
18098
35286
48444
47872
27867
132508
10620
18548
73524
77309
70192
36440
17371
114394
21034
28498
22864
54163
22254
28835
5751
64223
19469
36536
29613
50203
22409
64251
93474
77681
77340
315015
24855
22940
16823
86576
23470
23125
47814
39691
19270


188647
128511
201422
134856
125194
371748
624402
414278
204741
1153040
268444
1819579
81322
94469
146647
208359
60080
81468
143226
416061
747524
508043
427919
438242
523051
396366
1219140
377300
3599355
67728
398941
176975
185520
207911
151687
507505
398886
218360
301365
272204
696248
860230
1434931
115813
108398
101363
144807
97384
331434
146377
75501
411063
88497
106485
85264
97936
118865
130084
27861
220918
54254
232872
326236
92658
87970
101985
160622
265955
63978
325535
61976
111453
64796
202614
229761
283000
68470
74119
160728
52840
40259
85447
306341
131811
77913
422063
536176
144652
204953
91661
122571
388887
189818
577376
173255
479416
346143
682344
162530
624203
221164
428272
2012849
48025
43843
67558
18164
83619
146870
210199
84066
206684
166524
509795
24717
67767
90609
46883
354329
38545
71303
112867
51586
79549
188251
36022
64733
28547
94316
36077
84972
187814
131576
130296
267429
318787
209972
377889
367445
25599
12173
38471
50116
112547
16281
50428
22433
7099
25050
67577
83635
50888
30494
138686
106518
76722
68942
71637
74789
89524
3158952
25011
15521
20807
44885
46668
77181
161944
62369
83158
79769
268863
155144
54973
259177
129040
75851
147853
93941
409302
27964
20375
53811
30739
41376
29481
123046
125870
297999
17828
17108
41280
54585
88716
24321
99619
25530
108976
55732
49681


