68224
23370
17479
19784
17274
23617
21956
28485
19525
23446
18799
28997
16957
17010
31906
34243
54445
22167
18949
19517
22860
21251
55485
17710
40196
21758
17845
21768
17816
27892
27941
10648
4910
4963
4826
4898
12395
4810
14250
14012
9575
23047
8508
5413
4899
22007
8545
25941
19996
10439
8556
21792
8844
11590
12020
7393
8665
23174
21966
13243
5246
18680
16775
15383
5272
3629
4902
4910
5133
5669
5234
18178
5059
36445
5335
4929
5350
5101
5079
4826
4855
9815
6460
8100
13040
7083
4812
13387
4634
4594
4588
18981
7665
11514
11498
6375
5787
10868
4839
7212
5086
5099
13442
4859
5116
9352
5049
11014
8275
11057
5896
4769
4951
5854
4949
17283
6109
6356
10305
4578
10648
11180
6069
16806
4777
35011
5981
5502
7491
9048
11622
5519
5953
10027
5301
4809
23600
6167
5104
6204
7745
5098
11053
4772
6691
4862
5073
7417
7746
4622
11251
7320
4780
10856
7971
0
8001
6070
10983
4938
10967
10389
16837
4941
8918
28239
29830
0
11405
6610
16009
21613
20590
5211
6189
5119
9379
24376
4760
4941
13117
4935
7680
28544
7626
16020
6427
6047
6350
8181
4816
6730
15426
6513
4533
6192
8903
12158
6587
6568


67621
20882
0
24125
17791
22946
26459
29604
23307
36792
18784
86056
42023
26706
17248
16285
17311
16413
25643
17418
23086
22721
42893
17767
0
23390
28081
45885
16819
13665
4632
3974
19022
3862
4671
12183
4957
9114
10367
23480
6284
5111
4836
7823
5057
9431
4755
13462
8849
6515
23273
4832
7872
10928
31772
8838
9054
11214
18664
14093
8781
8234
13108
12139
11580
8696
28173
16770
9078
6215
4715
10065
5197
5086
8547
4834
6207
4879
4790
7793
7493
6263
4845
4800
4694
5180
4718
4608
7732
8880
5949
10238
7675
17121
6519
5091
5059
4813
4630
4807
4791
4852
5881
18259
4822
4748
11973
4793
11792
4724
10555
10326
4880
4613
4594
4776
5132
5162
14116
4744
12800
26453
4677
4846
7507
7628
7511
11554
4629
4579
5912
11303
4994
4992
6130
7246
6259
4914
4842
17022
10456
4848
5167
6789
13095
23280
8679
5054
4930
4783
9044
6080
4569
10401
4710
7522
12461
4817
9148
11135
8765
4723
4883
5237
6031
8777
4642
4531
6210
6262
4599
10612
6305
4897
4922
4873
4530
13728
4740
5829
8895
7860
22597
4924
7451
7539
6413
16514
6221
4840
7776
11175
6180
4710
8569
7581
7420
38115
13145
4678


