64216
28466
22572
23027
16958
16549
0
18861
18924
21986
23271
71546
42152
38224
34604
26119
38929
32795
67377
22394
57642
27015
40640
18190
97776
32152
64853
36385
21870
30086
75862
22493
45888
34511
57478
35011
36479
42820
42953
177526
0
58846
62190
143865
135212
162192
199900
132577
122439
55647
123187
124158
187768
119575
45050
35147
246661
138626
112908
208617
162890
183667
183306
182380
136369
120818
162965
227091
153477
174818
51074
40896
238654
36590
206439
85559
35439
19906
43696
31897
27059
75496
29654
27851
21213
110087
40987
238424
68871
63361
19292
17586
27811
39629
24008
67907
17508
48912
17421
38704
27174
57204
18353
40275
66944
57299
29909
59100
31298
79673
31946
31946
216514
50515
137192
61647
31307
47748
29444
44697
49112
62930
189282
56442
58250
34605
132573
166857
63922
37716
35860
55767
46870
45515
59148
26401
35426
24304
27523
49434
40166
26319
29856
122611
45505
66449
25617
42742
48707
21633
58564
23300
90053
35548
22957
27026
24657
22235
29436
40481
25461
19057
36311
25582
21319
18809
65593
21410
21979
21864
21713
20900
40202
26935
31145
22436
19924
53870
29578
19397
35345
22567
21034
0
25644
21046
69516
30826
22967
32924
29271
34223
41173
20698
25369
38274
27817
19825
25737
19444


