53452
26845
14860
24088
17088
20102
15970
15604
14456
22762
17129
15061
16887
21201
17786
14245
14412
15204
16318
16090
14639
16863
19631
16015
17827
13924
15547
17674
20008
23168
14806
26756
3169
3563
7680
2876
3940
2938
3742
3111
3694
5630
4828
4920
4184
4058
4071
3894
4822
5648
4136
4488
3915
3885
5487
3914
6540
0
4521
5599
5428
0
6302
4064
4529
5550
3990
4039
4364
4094
6135
5066
3889
4157
9707
4983
5818
4006
3958
3976
4143
4752
0
6189
4068
4239
4542
4103
4288
4439
4247
3993
4291
4240
4218
4045
4445
7670
3940
4536
3947
4207
5772
4200
3969
7221
5058
4389
5581
4065
4018
4008
3960
3946
5560
4289
4461
5299
4132
5292
4140
4113
4683
3999
4014
5132
3989
4084
3961
4126
4087
4054
4920
4109
4460
3980
4115
4480
5615
3914
3970
3864
4385
3828
4577
4028
3875
4139
6325
3929
3958
10064
3958
3967
3876
3944
4387
5636
3853
7641
4083
8714
5007
3957
3841
3906
4509
3875
3954
4085
3860
3923
6160
4497
5803
5238
6057
4153
4201
0
4859
4145
4512
3769
4779
4643
3881
3888
5195
3747
4189
3849
3884
3912
4630
6173
3896
4064
3865
3882


18016
5056
10302
3360
4761
3190
4732
3183
4223
3943
4341
3463
4185
4856
4498
5180
6000
5077
5819
5400
0
6715
4827
4792
4851
4926
6254
5028
5026
5064
5199
5369
5002
4957
8180
8651
5333
0
7787
6924
5676
5524
5636
5823
6010
5371
5426
5736
4947
5409
5723
5131
5478
7396
6175
5521
5014
5110
5374
5910
6376
5295
10110
6532
4393
8655
4461
3654
5033
3515
5142
5086
4954
5732
6614
14170
11709
11452
11994
17099
16351
14892
4911
3310
5298
4334
3999
4228
6081
5207
4016
5568
5469
3948
4184
4479
6521
5139
4157
5615
9975
4149
5972
4748
5205
4294
4033
4390
4885
4199
4070
5623
4180
4125
4342
3909
4053
4056
3943
4684
4356
4172
4129
4435
4052
4114
4225
4415
4058
6307
6186
6125
3969
3996
4499
4735
3986
5830
3953
4709
4007
4495
4017
4098
4471
4115
4473
6037
4347
4004
4782
7514
4428
0
4334
6470
0
5350
5768
3935
4860
4449
4428
4976
3898
4174
5004
3951
4149
4165
4104
4214
4056
4725
4132
4827
6094
4455
8574
4276
3980
5503
4678
3872
4671
3811
4066
3904
4164
3962
4751
4411
4100
4813
4035
5762
4200
4094
4239
4114


