78904
51975
24890
22453
20458
19731
20587
18835
18268
21433
40280
21521
18604
19609
19567
21232
20825
18302
22139
27869
22862
21529
19931
19541
31428
23971
19369
24110
20394
24524
19148
21811
18317
29407
20735
22037
18527
20591
38489
19123
21235
19122
20632
21162
26887
19328
22208
27054
30155
20444
20780
20117
21473
19385
65323
28406
17973
24870
19000
19063
25319
21882
22141
19584
21537
33276
24406
27892
20868
18931
24776
41793
21585
19079
24874
18883
22577
20186
20262
18093
28911
29766
21431
20025
18757
18910
21974
19548
24115
37726
19354
27730
20388
18361
20047
21642
23571
18838
22481
18641
19185
20357
26278
28683
20979
47259
80459
30825
50289
39202
30272
24505
32959
0
46889
24236
19666
22253
31430
20220
22153
19641
19591
18686
22159
25978
26084
20697
20284
34210
26095
19284
17078
16885
10289
9827
22859
14067
10239
12592
14930
9840
11118
10285
12244
9989
14426
11178
26777
27672
12370
13173
10248
10208
16157
10944
11418
11117
12553
13321
10311
12782
18972
11508
14430
10990
22445
10245
13868
10841
14918
0
10922
13121
10919
10076
12012
11538
10983
10447
12800
21907
8944
7983
14032
8610
9633
10841
8423
8260
8655
7792
7949
7736
12195
7778
8110
8034
8633
8454


66657
22037
12036
10716
26383
12739
25316
20390
28563
18917
18619
18576
29298
17601
23034
19792
17024
26204
37845
18723
18559
14522
22118
20912
16114
15072
0
31977
38585
44988
20398
14583
12469
14250
14935
24361
18906
30115
31156
30679
40897
22475
14508
21063
13969
11476
14519
11402
14615
44803
14318
20908
17125
10739
14500
15882
19037
17321
17335
15204
19319
17222
15234
15540
18306
18777
19077
19233
22859
14609
14758
14984
15533
15656
14770
14759
21785
17881
11730
23260
11389
21510
11992
13671
21529
14786
11117
13555
12758
28076
20112
15400
17779
14273
20973
14763
26329
15775
0
19853
19916
15409
23563
19384
18176
19610
20775
17793
23876
14129
20175
15600
14750
14852
14808
14436
16603
15405
14649
14517
25654
16476
15443
14495
17990
25102
15625
16243
27501
35332
25067
16035
11107
16073
14773
15364
15147
14826
14334
17684
19035
39205
24875
23793
18361
15407
15089
26789
17059
27267
35271
26186
18727
14839
16599
19125
14473
14459
14397
26533
16231
15397
19482
36197
12250
10905
10151
19826
11764
12080
11732
13595
10143
15320
12885
10087
10229
11370
11050
10062
0
11837
13576
10681
10753
11242
10232
10900
17986
18482
10294
10800
10167
10203
14543
12039
9737
0
10764
10306


