316435
274834
350909
294831
258936
462523
258326
276124
256597
253658
254741
255852
255896
323309
257826
255215
256237
289028
259719
278691
258154
252950
250892
251450
252874
251905
250850
250964
258331
281702
250697
247971
255101
251847
247849
245810
250904
207810
255856
253650
249001
251192
233905
252118
253949
250184
251904
198592
250701
252098
246241
250950
254464
249525
249182
478347
287113
250053
176100
282523
319850
186399
173416
187622
234327
201005
205560
187108
276547
306770
270702
346301
260562
183406
138508
130810
124885
124312
123302
126557
132136
125624
124513
126866
124401
125456
144307
127553
126372
125239
137463
128197
126930
124231
126580
115708
125893
125053
123280
124413
128268
125424
123326
99108
102235
99934
98439
99401
100995
99635
98575
97545
102396
99417
98675
99596
105028
100342
100032
101769
94170
101454
103101
100684
100154
102308
101067
99715
100668
99021
100410
99973
100977
102469
105112
100698
102540
103188
87365
109711
102452
102265
108873
87138
83083
111357
107860
103316
94853
103087
97868
75787
84771
83890
83470
82353
85876
84234
87298
83910
70243
85207
84379
83494
101970
101299
85321
83903
84729
68260
83989
83209
85394
85112
84903
83595
84351
86773
85268
82820
84388
95008
85787
83235
82476
83445
84781
100647
88181
71635
74990
71157
70710
70903
66280
71233
71756
71073
76883
73840


243748
199965
231976
187245
183161
221040
182437
208186
185410
207366
182026
181957
193178
180496
187894
191889
180146
201082
186250
187795
186573
190650
185581
207839
211212
230485
209709
254869
202609
207097
242196
252097
189992
234748
281263
327169
328500
247559
190165
186661
183305
221150
289488
185887
209651
183685
183837
184428
186386
187938
204480
250839
183437
202699
187522
182661
180818
180027
181688
231820
296317
183050
185567
181562
184962
181611
181428
182790
178811
182354
180811
183351
179004
184920
182060
183965
182245
180855
179834
179569
183875
180491
179694
172618
124531
133154
121368
121439
121087
118981
121136
120857
121709
122206
121882
120413
118629
119939
119817
120036
119627
122808
134196
120442
120421
123327
124884
122204
118821
119388
122109
121875
118605
116754
89950
89131
90462
91379
92168
90229
90351
93895
88946
91261
89405
92642
90817
90266
91496
90186
88643
92240
88848
89291
91361
90426
89998
90304
91492
90738
90339
105691
75212
73453
73730
87293
73425
73036
73068
72044
73134
75614
73676
72356
73133
72855
72862
72495
72779
73417
82082
73534
72570
72304
72023
74642
72450
73630
71735
72873
72771
82647
59733
59591
60761
60411
60144
61221
60246
59993
60344
59746
59948
60391
59630
61489
60509
60227
68727
61738
60691
83852
88692
60762
59778
60677
60701
60184
61691
74317


