296760
311785
319123
317453
327379
329597
336556
276912
188338
181815
182666
189944
186798
179801
184890
185835
185376
183817
183240
191670
187499
180114
187938
185165
217909
182918
181070
184999
182997
181184
181719
183192
207339
188683
182854
274508
184355
226232
204615
183151
254435
193404
236640
214256
226665
257660
262484
185194
217324
250757
239199
217553
223643
192437
254136
318487
242201
188312
220448
236778
196973
242307
197476
257217
190463
186601
216473
217732
223144
186251
186197
193320
205974
183317
190710
188575
185080
183759
182552
154713
120708
124867
149924
124324
127841
123884
123866
119804
122462
124643
138353
122701
121231
141226
123661
121815
123237
120859
122856
118836
125764
123980
123564
120650
119761
120434
122857
123484
126632
91847
91891
92348
89586
90809
91920
93398
90420
91661
93883
91616
92033
93145
92437
92542
90572
93811
93608
103378
92991
94191
91170
118583
145717
149374
158036
155652
160855
156575
160318
157914
159027
168268
124459
137678
126441
124756
125506
117600
111571
73598
76073
74779
73557
73604
75511
79953
75258
74023
73500
75507
73209
72760
72382
72904
98919
75927
74863
72401
75120
74498
74773
74431
74655
74400
73777
71768
72956
71582
73693
73544
76221
73533
72560
72926
71537
89493
61801
60759
60087
60649
60953
62209
61475
62346
65287
60597
61933
61547
60481
60921


268703
191618
187410
262630
182366
192768
185467
187504
184314
238782
245609
216805
182389
184810
178203
188409
187264
182296
186019
186654
180202
185422
184457
187588
179771
187249
184329
235273
271454
254994
187842
188962
187646
187254
187209
184183
180874
272456
183638
190804
185494
224065
183090
186202
180224
185119
193966
187096
193034
227453
202618
313438
216082
182133
185569
182254
210294
182082
185053
183139
182025
184831
186218
183117
181094
181852
188402
183327
177940
184583
184033
187840
215277
181554
183010
188136
187172
184484
282244
217607
185582
181671
180398
192188
185938
189318
186217
212010
183459
201756
151306
173260
207688
124451
142245
212407
216980
219245
224545
222636
220235
222332
233218
189886
215946
216764
220197
208897
164930
102832
94420
112902
138801
116194
92328
93703
93020
95570
91637
94638
98175
92651
94111
91816
95501
91589
94632
100060
91062
121537
91628
93140
91506
91122
94553
91683
137087
140428
112489
95069
93624
94206
91418
94750
73861
73990
73612
76946
81377
82615
71941
74979
73567
72626
74577
74479
75027
85342
74263
71476
74471
75487
72649
73085
75523
72254
106698
74914
82410
103879
73888
75470
72971
72735
73124
85677
73210
74939
73007
73088
74540
73816
74271
73764
74230
74510
72260
71941
74199
72924
72540
71745
73788
82763
63851
61305
68759
73760
60470
61320


