137182
125721
150026
122332
116495
108425
43465
36514
35543
32633
32722
30931
28050
28612
33532
34904
32024
32337
33993
34342
27620
30914
27755
33398
31646
35317
40848
33914
30612
31443
31727
32275
30840
33284
32084
29779
31164
30861
30560
31518
32023
34142
31636
31378
30055
32337
35016
33870
30101
33471
38374
31894
32657
31570
33350
32538
33008
33322
33148
27369
30442
26556
30756
31655
33154
34453
29585
31486
31475
30182
28029
34525
32799
33041
33237
33116
32575
32259
30422
31726
33849
32674
31134
28994
27977
31005
32847
34875
32706
34990
31328
32688
31963
29981
32415
31145
29592
34841
28147
31361
31064
31752
34767
33408
29516
33132
32806
32781
31844
34663
28901
30031
29784
30784
31990
33673
30001
30080
33768
32826
34608
31467
33513
35822
34771
32354
26236
32633
30685
30664
30177
32885
31031
32147
28320
30297
30488
30755
33831
31885
27706
40488
32675
32670
32262
29935
28406
30153
32384
32928
33364
34224
30423
33811
30263
27673
32380
31491
31615
30586
31456
32481
34198
30041
31426
30890
31381
30389
30190
29682
35425
28897
32984
35712
33720
33303
32418
32073
32923
31875
29349
34873
31168
31009
30209
34595
33335
31665
31165
29193
32726
29598
48303
30303
33418
29141
31024
26548
31158
31720


132465
123389
111510
125945
33118
32708
35296
34660
32838
33939
31717
32306
28792
32287
33406
31261
33280
30631
30817
33594
32859
29926
31031
32399
32731
30817
33446
31913
32369
33146
32394
34952
29775
31266
33022
32066
28657
35284
30072
32724
34346
32108
34161
33602
31889
32406
33792
32162
33974
27152
34832
30348
32108
34718
35488
32454
32506
34812
36417
38119
31722
35544
35689
30008
33666
37370
38979
38245
39090
37712
37204
35649
36768
33235
31061
27859
33553
32418
31641
31709
32474
31731
32682
31241
33881
32049
32934
33342
33275
30948
33193
30096
32443
34190
31300
32678
30435
29755
32210
31326
34415
35095
30985
30425
31039
32402
32703
29783
33984
30301
32039
29651
33730
30780
34473
30826
32268
31150
29660
34189
39416
38143
37738
41721
36106
36070
38170
36248
39901
36413
36442
39476
38530
37859
38445
36831
38046
39312
33616
32561
28836
31911
33492
32794
32782
31283
31998
32350
33138
31345
30902
32551
35737
31160
30511
31192
30953
34709
30765
33353
31919
32765
28289
31041
31225
30339
30366
39194
32102
27739
30350
31191
31188
31731
30943
30609
32359
34429
31455
28853
29785
31383
30178
32190
32455
30781
30797
28876
31394
28468
31800
31984
31867
28647
29548
29606
29414
28460
30260
32486


