154593
185310
198055
144065
143112
132737
134940
140215
134584
141882
124103
134359
131503
126185
169421
128315
144073
143356
135683
143338
147207
133105
137291
137807
136072
132265
124990
132688
137390
128579
134903
127875
143097
135847
126695
131874
135777
132930
157530
134969
122467
191958
138095
221926
271013
214464
207445
224236
258981
266518
256190
243049
250361
157256
305741
138644
133492
133111
130558
169404
134531
131962
132757
128644
139009
134099
157904
130320
133630
132569
180755
157188
170582
125925
149493
148420
93694
85930
97611
90478
89766
87655
90025
84782
83715
126898
89700
87874
89128
93202
122435
82813
89783
83911
84750
90048
91000
88147
90716
87524
89187
96654
93985
99985
67249
70348
186157
68969
65569
65231
67872
62594
78376
70878
69328
69800
66188
64565
68065
68691
64825
69893
69064
67240
69359
64986
69702
69029
63532
67033
66501
70307
66578
86540
70079
66463
65036
66482
68762
67622
71973
65941
68328
54628
53543
53173
51825
53842
50120
63695
53783
51815
58447
56063
53515
51609
51313
56414
60230
57825
52177
54293
51685
51949
55356
54059
54027
51138
55476
54320
53825
54455
53975
53480
54330
51722
50812
54642
54175
56143
53031
53355
51600
53550
54363
51723
65721
54600
52840
51730
53157
66099
42767
43177
44748
44418
44034
41518
44620
44207


154461
143930
188427
134119
138234
138843
138577
142350
136283
153813
560940
246309
254623
266640
265677
255969
237277
258086
259694
266598
248680
241965
283756
263118
244944
253538
255683
251324
232410
250129
242822
243768
235275
234609
251746
233330
244643
238884
228679
239163
251339
224269
249915
231845
254778
249818
238239
232320
238933
265470
237615
241759
259832
257143
261273
259504
278543
269243
169765
198255
163094
171931
323532
164717
168044
163539
171434
173778
171724
172413
173210
181054
175581
132925
123766
117280
129665
139858
132195
122537
130154
138115
126878
123651
132995
109681
136124
122967
120697
127601
133687
127041
119819
133428
125723
96770
105156
99201
98294
99976
111370
108807
102385
111791
105100
112273
101074
112310
102852
104552
103947
101601
102281
103766
194509
106312
106603
111509
108263
103892
101021
87052
91464
88333
94571
84697
85638
76585
83888
91100
82856
88634
86692
96308
88700
86296
87219
85320
82626
78735
90374
89907
82777
85716
84039
77820
82181
85360
89747
89164
81111
81745
81074
101171
77915
71546
76882
69537
73516
75560
72961
71125
80408
74513
76796
70886
138116
74593
73640
71201
82278
74942
76386
75585
66159
75504
71122
74672
73785
70885
70797
71819
68827
70769
76166
81544
79539
73179
72270
68971
87813
68737
70973
61576
64807
66775
62711
69956
77510
69786


