3108030
3624186
1681610
5630386
6524245
4519417
8259061
7050384
5240434
4575057
6481774
1038900
4071297
7866807
2338804
724352
3168567
1932859
2989188
4476240
3706139
4468232
2923948
4555957
4253461
7736477
6544431
7553314
11928717
6205462
3588283
5155279
4035441
5620167
19573167
6142536
18253692
5226984
5202527
6415043
27512176
8296167
10586702
13911659
20755030
25951273
17301980
11718402
13111944
5924520
26313508
11397652
17107805
4979904
12748129
8747304
12586020
5649981
12441917
18069433
23892599
14442503
8835389
5936847
14303995
9752897
13216469
16566620
15885784
3720928
20493447
6645134
14104581
15472901
14351564
12194069
18914388
5238260
4205778
9740289
6935185
13481837
19802678
9607921
10712047
6228237
14772599
20305120
14282108
7727184
20189930
41911337
8513119
9441227
24640967
11817455
6788413
9779975
4970793
5869869
9933489
8245270
12412707
5679470
12911568
9244394
18330846
21674550
24095118
13659911
13887978
14493999
8377532
18001247
13125399
11200278
24662365
8707708
31891006
36650650
15584777
42758011
16530378
13943852
26611632
26797251
9827334
21306669
51143255
14734364
28718615
9573708
19345306
19077595
33892458
10625753
16844364
30137101
38170534
23435443
28642816
21130812
15014132
43808970
14719765
12729693
17849691
25741577
23643471
14427688
46611302
34175830
54297207
42392343
26213056
20773558
18125704
54087463
13932557
20823999
33272482
27880488
49008236
31472443
19859452
25527490
20833197
26013073
26345817
58682595
61572876
40935802
53639684
70788631
66102930
35454185
57457579
88480304
16940587
32235292
20462045
24535052
71311449
37626559
65588219
494566090
526550
1121297
774362
2009427
797832
2864161
1760042
5775852
2074353
3541290
2462783
4678678
3851718
2965847


12779152
10834683
9040954
7558215
1838730
5798524
7601074
8106331
5616970
5095932
4232565
5153052
15043022
13642118
7798284
5891824
7544575
4994855
7036516
8345777
11205029
9273936
9594108
7518180
8001038
13814925
9217062
21233433
8829996
6401250
13307388
8094825
2543537
3499770
6486889
7047691
8731174
9520234
18789179
11685558
12324158
5894032
7296958
6329219
6729211
13160979
25800450
13289145
5706156
4665202
16117728
8155601
4857419
8154712
10598245
17612490
19469684
17202376
16996743
13810308
38132471
8770404
20654732
8204013
27547411
10395840
19762949
16704581
8957416
33512185
11103354
8222860
12964896
33210310
8834459
27607350
26772238
11138521
14345866
31711292
18974420
13469332
37598879
12270639
11158299
21284900
6703575
11346417
17628066
11288300
15560973
21219008
14656750
45828423
8521248
21489077
15712682
26751843
27302564
17603826
8073483
24942332
9697112
11040838
15121285
38911893
17808661
12825470
16962561
21740219
33915356
14192364
31371930
27230439
13980113
22163336
38255883
7822829
27802615
8503255
32453767
13219178
26921529
15840102
97163824
561372
759187
1520945
2578623
2217631
2493119
3914039
1961004
1860545
2305901
2710003
3542093
2617466
3534005
4560628
3079473
5534326
10523128
2799594
4274417
5242977
5384056
3712828
7394950
5743955
6331479
5599961
5399056
3696345
5402684
3834084
4688303
5871573
6887065
3553270
3108860
3166489
5034057
7712092
9888597
7407982
8246491
4349985
9997767
5196251
10883036
12008661
6512757
20285105
14212177
19917363
12786079
10760526
17225583
9139426
19786254
13096321
8438742
9268623
29067272
11730633
27993402
37005940
10965123
7467741
24829787
8512040
8477810
24256918
30214883
16253208
8497328
15359119
23483949
23153937


