2753139
779508
3123338
1066835
3695787
1478968
4343559
2885779
6916241
2486757
4888608
2532093
4569794
3684717
6344698
34857609
483782
1566261
1197375
2696593
1954063
1158248
2833784
1995436
3239983
3479335
9215595
6320703
8500246
4484189
9521846
8650268
6199062
6632722
12670166
16703594
10804736
9272490
12233836
13963057
16058693
16996949
21490976
18964712
16031024
9462897
25575525
5445281
26640619
9078489
17229137
19874188
30775343
15038256
26541083
10522896
24026101
23126590
20711784
17388202
11936607
37872976
30897485
18596453
29470351
15668327
24314073
18991375
20399962
11910583
14332502
23893670
25916032
19173177
22207932
15559538
31638971
33813070
16537596
28158821
18342418
28853702
19217220
41565785
13629121
51754155
34947372
27671622
46602308
13239343
11561940
36021927
334908645
900184
701281
850569
2386716
1745706
2686267
1008405
1262795
6276813
1987922
7701862
6650831
8356489
2977203
5624095
6882326
6130349
5260155
13733373
8217066
8937051
7893148
8358093
13950712
8863313
10167562
5763673
7068215
12350436
25255521
19879599
6270527
27924126
17858162
10187859
23046600
6505252
10536468
19791511
30598024
8094984
11671598
28423626
32979047
21482141
16967578
21847411
33684875
23281183
37939854
30428932
12089796
12408466
30791897
17905716
25456167
31620234
36052685
38038676
26120093
19353330
18867872
33517177
11124124
60116036
34312131
11004128
39815547
45742141
22358090
27778435
12659867
23155515
20405667
40459678
13445698
26690435
38568137
18853612
59286127
42893617
21102880
41549341
45820639
52639381
54044348
54754710
53838118
56453611
25982407
15313611
46877961
65875692
79327813
29450857
58902832
41371504
45169756
64007977
57652421
46659656
86887466
61372703
56306997
50905588
61647807
56876305


27527875
68055549
61548916
22806621
50672233
27026410
69618967
72505708
40765511
27664565
40259288
52611609
88480716
30575661
67890265
60262124
42779972
21783140
73106478
47279444
57323013
85444928
78503295
34336684
38548731
58701294
57008946
72891435
34210608
71738209
88648416
101261361
73201587
77879480
68407562
54878953
60983367
85767127
1033534692
231588
1952604
1564003
1552628
2858965
3198979
3666584
5861693
7232425
5789214
5407028
3771452
7560303
7447835
3657297
8592791
4214952
8929066
5761418
14125697
10150566
4186005
5935259
15603771
9259489
11411080
5080649
12706929
18761778
20941568
14801252
7407961
18055892
15031565
11095832
15866563
20862019
14638543
14026614
9623945
25018667
19746504
9962102
18670895
18628128
21069545
9489640
12880050
22727243
14901408
10048848
14059819
49399149
31066988
9884495
20043371
23365549
13798795
23776456
14214730
14963091
34806928
27498448
13295112
42875014
35167800
14642209
18661459
26455843
34890972
38782547
29792382
13882275
41692861
23006327
12659238
21644484
46744758
21606502
42396574
23341841
51232003
47726421
54242385
28250802
30950095
42418782
49651124
25385152
42338839
29211488
14689006
26817280
69161947
55214381
25941820
55433928
23431206
44502443
75915201
35079796
62024503
25009092
38883606
73861058
27986221
72326537
34890564
89119177
28687927
53046519
56652210
75519490
59088187
41806484
25411191
56136735
42561455
65138608
32641091
72362138
53682325
65826666
69892237
46691935
41977149
82605252
59850429
69685007
91704931
37258636
32353767
130335390
21179207
24761500
77114978
52547861
65833927
67928211
44253886
72509144
67271426
44957899
69218328
46849924
62901205
81776396
64721448
43423531
60947610
41863060
41733595
87612254
68766034
79077067
126605506
96497946
46729804
51541551
86968727
103524113


