40844
29209
50296
21899
21031
17452
857871
766121
81634
33144
173483
102251
58436
56764
55663
55239
64026
66944
85029
57477
49330
108003
171433
92803
80687
143742
73969
70575
68298
55727
117576
59256
57458
90171
62436
68361
81792
1016663
2928178
40387
90554
20983
56198
76462
13499930
53826
15795
13233
11260
69769
29020
133906
72331
225461
74943
91184
104484
97201
77573
13317142
87201
77744
47948
56571
43451
28839
14415
17368
42450
165820
18701
55721
11955
10980
12104
16472
9257
24604
24254
7030
11041
9972
35269
76066
10608
7061
6014
6733
5862
22083
5608
53438
26328
6698
5185
5124
5955
6770
12159
41334
7617
18209
6105
5069
5016
7409
6306
5471
4791
58301
33983
44797
110230
4826
24550
6998
6318
5399
5437
5632
5678
35610
5644
31973
5162
5264
13927
9937
39203
8318
5494
6368
8105
14769
9874
5950
8833
8029
21734
5237
10306
14391
22665
22199
100987
6291
72656
11070
13957
0
49049
152073
40449
41466
13357
5252
12511
5519
5012
5164
9925
16280
5904
4997
5430
10836
8674
8853
6979
5665
6353
16084
5303
122712
61228
5417
7887
69185
18575
6949
6651
14377
6305
5160
4917
22631
6066
13102
6678
5411
197554
12200
5478
4748
9386
9171
8173
7576
56929
5870


112755
8191
8354
58611
8295
67562
5665
6780
11570
15311
18680
7998
24165
21349
13668
15973
6945
10694
5842
21999
5553
5604
15302
12499
17932
29679
6876
5572
86864
6636
6682
14594
10982
9473
21613
37394
14658
7570
6119
9002
6091
5768
5605
8240
5696
10637
18627
22398
8690
5268
6300
10378
12922
69948
6247
9593
33061
5215
7381
7327
7907
17796
5167
0
8230
8165
6850
8019
11180
16697
14022
98933
30361
11544
13966
10888
7913
43707
5679
33547
8395
8114
93842
14746
6699
19468
7648
4858
5362
5133
20473
5328
5573
44257
8495
8088
8843
20445
106581
6340
68942
5651
5332
12868
29523
55816
5867
5381
8858
5586
5162
6559
5943
5482
10941
58712
32781
7813
5450
13949
9185
6726
6867
5672
4922
17513
6564
63609
21622
26962
5492
5459
10127
141097
14114
10805
8403
7293
17205
11233
9317
39368
13936
6130
5417
5286
25474
6722
5498
11072
5080
5946
5431
9962
11812
7370
35646
35852
10445
18078
8888
6514
88995
8719
55607
5813
6378
5111
5661
15960
28913
5349
9101
28510
9045
4985
16654
10829
4815
5557
5511
5231
15604
5968
9620
12332
7122
22084
29035
6432
5274
5462
5807
5026
9607
5914
10364
5414
6784
6448


