43560
1951015
428315
24684
467249
53131
27453
47525
219554
23317
39637
58069
56310
79102
24338
24581
349896
25116
798984
37569
722921
238463
421242
24222
37294
1534718
215103
1052062
228690
26632
117337
21611
156129
262742
20427
733469
20767
36470
685368
23656
244971
831326
53148
23060
71075
239019
22435
19559
19692
22335
1520345
23682
159545
22218
20022
485027
112373
19241
83462
113400
20683
22487
22263
161689
19347
862648
883065
128848
19385
238453
35215
21205
35355
34322
22327
22970
81458
67791
18997
51822
256105
19635
19349
20751
20395
353125
179683
184234
22751
19944
194988
54806
265390
68478
1189145
884224
35822
115013
22220
175001
37567
51614
132976
22534
19506
19459
874338
20412
19333
36701
37558
22517
913601
19247
24301
21917
23122
66758
597046
20709
244085
21631
23363
347125
36127
37904
36746
101440
103143
297622
20137
22603
24253
460789
542830
35906
72186
366506
22622
64230
61337
24391
22619
117011
102463
276707
20072
53210
20196
22732
101224
64538
82954
19038
82983
22634
20198
101030
22092
19581
51592
135271
22719
51872
161075
22424
22664
20842
19012
22525
22396
34756
35713
51365
22265
132508
22518
36577
115331
51025
51763
35196
19961
27179
0
54173
22466
83352
2319184
21403
36894
823321
22997
371602
129916
24011
78536
302349
360878
50491


231560
46091
26655
60721
121714
1299504
93391
236234
23230
2571050
25737
38710
116679
74665
313172
55019
71886
25273
37566
226030
73659
126418
52737
274202
889749
52081
35387
26367
22426
101636
23031
21243
540991
21920
369179
23185
24860
19854
20098
52656
36621
69675
20239
23155
21532
53744
24240
495624
41672
653389
513316
711517
228212
22881
69440
81943
22850
295020
66048
120977
20732
20709
20290
22866
68710
20494
20935
22739
314921
23014
804442
78620
51500
23052
70275
434336
52997
37029
20147
36392
22557
38372
20910
278705
572109
577559
132335
187776
22971
36107
78378
22856
36677
318556
23230
865231
23098
82875
59815
1958251
1710491
556156
24159
37479
19770
839381
117017
23095
20054
586614
75649
37011
20341
21817
20153
27166
54491
36328
36880
23022
730714
23331
20244
23145
34758
886495
610176
595701
51980
67203
34947
786615
37788
22989
19114
20269
23285
91552
852553
551274
38557
19957
21873
68216
0
452528
23296
50926
69472
22831
612390
240972
22534
19347
22533
37573
50827
70121
37988
29184
21098
22505
36357
68307
35405
36978
196766
20582
1574663
86707
310750
20754
35838
54377
22846
38547
37506
21154
22739
19370
314315
77099
38114
55889
203319
149392
24277
27039
489671
760856
55946
53711
20960
22798
69990
241746
23438
1261839
83179
750313


