82427
47764
68120
283735
69815
57698
283270
40715
29312
29666
26918
199292
125742
15927
46154
23495
21825
109272
13682
11138
12028
9710
8590
10101
57337
10279
23165
16666
25187
9227
10549
8452
10130
63565
23961
17067
7164
6404
5752
11634
25092
30050
50934
16124
11189
8278
129770
10906
20900
7889
6673
8559
57395
12990
9252
10833
6708
9915
54691
7730
10110
10698
7641
7576
12279
153681
8068
9301
9106
7404
6489
6257
5861
8708
9309
6446
6190
6781
6813
15073
11861
9913
81782
13159
56906
6923
20245
49338
11319
10672
20711
28524
37360
9504
12965
18516
33512
6160
6979
10445
54186
7576
6310
10817
69210
9134
17527
15450
10558
23140
14991
31906
7140
15038
31307
249134
26724
21354
7732
21662
6365
10939
13191
7586
13127
6412
13832
30924
12800
6987
7635
10310
5783
6622
7215
11062
9365
11547
6848
13522
6336
20699
9163
73324
18285
46836
23957
12499
9668
6666
10363
26998
15523
8479
39027
7573
18906
6401
6039
14284
6344
9137
6676
11782
6326
6410
11680
49458
69395
6696
6385
9016
14842
9045
54878
6868
16232
6893
12045
12685
11409
16514
16175
8452
11028
6950
6295
40138
9118
11662
7772
7331
6787
5926
13002
6438
13648
15412
17961
5972


78786
54215
58322
196944
36122
73394
25465
17269
11667
11753
11059
164734
37904
95154
12846
11057
9722
9625
7311
17091
16592
16698
29963
7263
24196
19804
7896
12328
33404
15701
13987
19185
7295
21137
30651
13632
13859
26607
8680
8039
48924
7960
9663
8430
7880
97846
20202
12176
13308
9409
15977
17226
9013
17514
8408
9442
7500
8492
9907
14675
8513
24253
8404
21250
14538
20411
14296
19856
0
108193
8547
7631
9754
9441
8098
13199
15680
8034
9637
9063
51950
10538
19866
9259
51670
13831
7847
8343
44808
9559
13964
8524
27122
13620
85432
32761
19221
12631
10676
69677
8640
11814
11252
8597
30104
14240
10048
21292
91510
16577
55417
23384
35687
8917
11033
8313
8308
8265
16080
45088
9406
29444
7931
25506
9022
8720
12247
107975
14682
10123
9038
7797
8576
14180
16078
13345
12995
8370
7850
14287
15252
22351
29156
8797
8094
10387
11026
23657
7973
8252
8101
8667
19287
48897
12237
8480
94357
10366
18243
22344
8822
8742
15146
37257
10971
11113
41574
10583
25019
8503
8044
8570
42091
8806
68460
10670
9602
56474
9171
52762
8189
15814
7695
9367
20262
8053
14136
12298
10722
19183
9419
8132
10550
8048
15978
18272
9661
8440
8572
8415


