179246
608505
88696
76474
148402
660315
77942
752569
55521
49421
391103
66915
73310
64383
30008
28013
290285
27494
22415
421819
25615
810691
23096
54349
21796
309082
21796
155839
22322
88745
21233
21163
22335
22292
70302
93001
27456
23352
42591
486902
22038
1148813
21646
38416
52292
20719
620048
38774
29287
31848
638176
484057
41632
57024
39325
36726
1442874
33011
23441
29240
56098
872051
57428
456680
747767
216708
523818
39096
1711974
393806
626904
30380
112994
42781
104486
2639728
26045
418017
276950
89171
670564
76851
70631
23852
50810
462567
52714
25598
125382
25665
141181
24037
106225
31054
25626
23375
47337
609113
179516
111083
40524
37747
25228
0
465813
62556
57627
374893
138861
0
88493
27167
531581
223791
33892
33474
126572
495207
27954
36762
27998
25574
30140
150199
45922
32575
132812
148690
26887
3094426
168413
24618
362951
32515
78690
1294337
197638
50706
51286
53452
49048
55310
1384128
54838
273606
188525
65900
254204
89070
101474
553799
70730
116979
74412
53154
199081
41714
63506
119518
91879
28160
61290
1589499
47086
75200
217605
463501
88917
113335
106278
63926
40330
938647
34619
638167
106747
26373
25139
30361
627933
292948
28098
72827
31841
40488
72985
67068
277486
65573
59614
30458
58577
49316
24610
761703
39020
101726
45413
84810
125252


