7131800
6768553
5894556
3793104
3386490
2679361
2460486
2130819
2080577
1825903
2022971
1764744
1868268
1758991
1795828
1693270
1795013
1687715
1809534
1679962
1778836
1683399
1774129
1679418
1773236
1619960
1767673
1721748
1886042
1676918
1735214
1783474
1730292
1644644
1770209
1613669
1696190
1612509
1692509
1611097
1681157
1608040
1678976
1618302
4506293
1956956
1672735
1783983
1679375
1879656
1748515
1937206
1769612
1825979
1702644
1813665
1693231
1764953
1758989
1748545
1636969
1758283
1645081
1745786
1640391
1754462
1639851
1841038
1644384
1739625
1627547
1727250
1626546
1691580
1582241
1719208
1626148
1718029
1615777
1713391
1556005
1668435
1563059
1663998
1526135
1596543
1512972
1579328
1525129
1574044
1515674
3865853
1648245
1661562
1667085
1560999
1668694
1621226
1697862
1560597
1669513
1709144
1752524
1561480
1692239
1598655
1717548
1578737
1726470
1611042
1701031
1592184
1588430
1510756
1608267
1549700
1698643
1662751
1771955
1759247
1734649
1633202
1722843
1634210
1724538
1651310
1749286
2063047
2179145
1672012
1746614
1607397
1707981
1619700
1770294
1641176
1693718
1618435
4326989
1626916
1692997
1630737
1811238
1606034
1679824
2038775
1661587
1786677
1673350
1789454
1737303
1774018
1649076
1785599
1640812
1753462
1557242
1666178
1588348
1710236
1589071
1695710
1593535
1698702
1587709
1581902
1499837
1621268
1657382
1615442
1552366
1607148
1552879
1612746
1499360
1551621
1678981
1699579
1522598
1625645
1518948
1599714
1521718
1542447
1510893
3956544
1521005
1580421
1521427
1579325
1501017
1521990
1458464
1594731
1876847
1583189
1672200
1565590
1660548
1557547


7082399
6689791
7072488
6382626
4188970
3195615
3121507
2332229
2278464
1943619
1947703
1824436
1894295
1825760
1869561
1756523
1854901
1735813
1798842
1687944
1926459
1704475
1787985
1695712
1775611
1692496
1782461
1685863
1982496
1710575
1743396
1651818
4076850
1662411
1707593
1611553
2779145
1621227
1690306
1608234
1684610
1632004
1702339
1609238
1676689
1604987
1676269
1602489
1660103
1930782
1661273
1677128
1828161
1904470
1692254
1766816
1642301
1758080
1574759
1739750
1654586
1801076
1660516
1746977
1644579
1771571
1656142
1703306
1587576
1871292
1685305
1729585
1649364
1739649
1573815
1693478
1593504
1776331
1561334
3686088
1536570
1602282
1522031
1592933
1525552
1601069
1534018
1579950
1524620
1575471
1518953
1581401
1521247
1591476
1514937
1666326
1642866
1670987
1945481
1561558
1667497
1554672
1658006
1700964
1685019
1560861
1668133
1515776
1598794
1503154
1596970
1523119
1606056
1580173
1645267
1541290
1635018
1549868
1638535
1512025
1590980
1626859
1656550
1531189
1614207
1539824
3647964
1537640
1615439
1639599
1638649
1527993
1610414
1523023
1596673
1521566
1586664
1468903
1585728
1556181
1578146
1524169
1580565
1502409
1583009
1527183
1530372
1913911
1577023
1728992
1554096
1652807
1555202
1656725
1550282
1639046
1617586
1659238
1552394
1622388
1514546
1592472
1508814
1595197
1506055
1605094
1570707
1631778
1530536
1628090
1504493
1579869
1480170
3683800
1562507
1734522
1573716
1670057
1529048
1680269
1645587
1757333
1959719
1825764
1703443
1775897
1679799
1748764
1683055
1739725
1712981
1791812
1666979
1719965
1664768
1725715
1592832
1665836
2057373
1745563


