2898685
3452487
2756061
3046100
2162208
2582468
2078562
2297643
2012445
2205973
1983641
2175228
1887728
2125324
1871948
2167487
1863291
2772299
2603227
2297549
1941148
2304056
2589251
2519468
1985518
3631399
2949702
3144744
3659757
4071984
3948808
4259957
3882940
4049948
3912064
4503584
3897383
4376935
3826667
4044041
3444520
3902080
3502462
4110035
3879994
4182038
2285650
2777419
2606725
2827262
2293785
2608248
2448661
2659952
2199941
2598541
2627782
2951236
2349219
2520128
2378316
2554090
2218028
2717550
2970601
2401157
5162092
2112898
2176832
2012817
2368035
2000140
2254726
1955601
2146321
1999287
2253789
1964340
2152734
1936771
2908521
2089142
2401853
2040552
2459076
2050934
2464892
1957719
2373174
2362941
2497827
2035018
2424979
2279494
2659017
2155246
2343454
2059336
2373558
1987677
2348416
2635779
2720568
1974205
2280506
2104893
2328375
2030051
2353381
1966058
2235795
2402334
2453611
2346923
3197632
3187484
3043185
2319460
2765372
2624988
3486214
2544578
2899108
2383389
4104493
2850314
3450847
4123696
3479386
2415445
2517762
2182341
2435908
2297982
2394266
2190615
2315470
2113023
2193236
2117775
1959249
2146369
2025455
2086064
3534247
2255967
2060542
2423539
2161391
2506475
2093517
2449234
2052524
2293977
2140756
2401124
1948907
2225162
2032481
5690907
2037682
2326051
2125554
2328657
2066192
2259290
2125163
2299437
1918800
2267269
1901757
2205115
2189166
2272050
1964626
2298334
1996837
2252351
1938774
2203209
1927212
2354049
1953651
2217358
1932633
2808906
2432454
4622864
2131431
2303489
1896461
2278924
3041805
3211787
1979509
2288664
1988083
2515087
2087085
2585773


5905254
4246456
2382184
2505710
2365960
2344195
2445403
2199320
2266967
2101485
2449109
2086455
2333990
2068232
3200227
2055366
2238041
1929577
2125664
1957699
2368132
1881820
2118020
1920519
2110239
1846091
2110494
1915178
2274646
1880138
2135249
1836025
2101248
2153480
3693087
3242189
2276893
1962478
2199715
1856750
2109589
2705189
2219438
1893526
2154751
1933850
2264620
1886843
2269878
1928071
2257731
1846359
4633355
1907179
2247937
1914314
2293386
1890974
2275843
1999394
2267664
1945777
2290550
1949389
2201312
1921126
2273033
1863855
2190083
1853078
2132610
1850854
2469641
1920851
2032405
1942426
1948029
1967013
1707931
1927017
1712916
1920340
1709321
1929396
1690446
1881772
1656116
1884968
2343572
1929527
1693147
2065646
1798582
1980292
1785612
1981507
1731213
1958329
4277519
1986452
1768829
2036165
2501119
2163459
1819645
2172249
1963714
2199467
1868092
2250637
1899779
2168341
1848828
2163820
1946082
2590768
2097623
2398068
2049840
2386883
2171668
2362687
2016639
2409237
1980075
2375496
1976199
2339058
1954555
3245879
2089501
2521185
2526356
4101408
2100085
2426704
2064282
3786094
3120658
3790033
2176202
2313492
1935164
2426581
1953876
5527130
1947059
2219807
2212356
2032160
1862389
1762412
2176880
1892401
2112723
1844920
2244747
1835955
2140242
1781140
1934739
1740447
1988550
1766734
1983328
1782434
2219990
1754977
2021952
3279603
2679751
1762666
1997253
2097140
2323149
1903390
2039322
1765097
2059600
1769606
2554098
1784350
2105301
3370802
2742581
1796113
2093759
1788253
2481154
3219171
2424726
1828924
2124728
2047444
2152056
2953906
3351631
1913670
2225859
1923705


