3766679
3609773
4483304
2657281
1803866
1918256
1444896
1511066
1300097
1195501
1098685
2194618
1060208
1262395
1186763
1025823
1045813
1126572
962154
1035119
1089294
967257
1076740
1476077
974720
1056518
980491
1016802
1095971
1002577
974708
1065095
999846
1044582
1171110
1039264
996545
1089990
990540
949925
1047164
946463
1131047
1082010
989687
2082507
1051720
937618
1035093
1068205
929524
1033605
1247370
927636
1002453
1135903
937272
989504
1717730
927377
1014256
944610
969124
1018488
942298
946183
1010402
936903
968410
1013788
943993
1001163
1037875
952409
944483
1168190
932740
940178
1099326
896665
900977
1034631
1057079
1008515
1059332
926573
954141
1033559
944383
946137
988147
911892
950033
1094620
933983
979271
1036413
903776
1921703
1093605
904432
959728
1258362
952391
1005465
910138
908061
1043403
890967
909438
1066441
1021703
938657
992533
936959
924448
1003544
920237
941497
1000559
905150
943216
1008689
994554
962095
1047444
934162
943829
1098870
964952
957569
1011301
912004
921789
1226366
969779
1009225
942829
927340
964056
899977
922525
984358
912410
937696
1008461
965498
892760
995971
913028
928647
1976611
875757
915553
1026929
911674
926327
999643
944841
932749
974904
893037
940495
983922
844741
938707
1049486
928945
944767
1011661
918409
949105
998091
914227
972508
1035721
1469566
1079556
1048524
908957
960794
1121389
938021
1003552
898900
901870
1008147
1022406
950169
1005510
940802
954112
1025075
939166
939673
997071
916242
941731
1012657
895647


4448274
5184847
3601648
3654363
4891495
1807020
1715826
1553630
1368037
1246186
1317543
1030860
1081401
1160525
914389
1026925
946744
952849
1166982
1116216
949546
971815
901003
1037020
1002581
940358
931296
998800
925059
911977
1023138
923180
940778
994803
910061
953883
1016340
924005
956867
1027425
906341
956901
1013715
944615
957614
1131075
926362
988779
872423
879529
946341
856037
850065
928377
879302
983975
1014586
920167
906972
959295
881513
928473
945514
1489496
952908
1015077
910776
916478
1023489
904699
1023203
1062570
924757
910454
1000550
889447
935357
982341
956503
978468
914982
925537
989732
905174
917281
971262
913066
927058
1028281
885082
989243
1066341
912886
1277524
1016202
906413
878078
939678
868619
881940
933144
869912
893647
937960
865909
886152
964725
860443
882769
1010177
868375
888102
837023
821975
935416
858575
858081
926273
859416
889036
938316
842753
866784
913505
811406
848879
966910
975076
876455
922664
831111
892973
991957
890016
942595
978869
876990
915278
991700
869025
905026
844515
885546
929849
869403
860270
917941
854111
845809
893583
833804
850008
910539
836002
841010
924494
848182
861575
930230
834812
878734
921129
804912
880983
928086
898540
947518
912023
821491
884630
922407
857687
876545
989456
853282
890062
827945
825823
884154
813976
826867
901976
833049
882025
908288
816215
850932
913653
837605
864979
986244
858402
898736
944352
850691
870792
947994
866887
893403
955975


