1741364
1491066
1342914
1356610
1224427
1178137
1204640
1422448
1222499
1238636
1256030
1270076
1333217
1313850
1372778
1254564
1205636
1200197
1207267
1176803
1192382
1246315
1278356
1281446
1263422
1138970
1141158
1149728
1491722
1148325
1174703
1207620
1231030
1227988
1241995
1136896
1133463
1139177
1081186
1092778
1121203
1142526
1162537
1178925
1224016
1190792
1032257
1035317
1037201
1030145
1052469
1055639
1106244
1109985
1113327
1161359
1019860
1024045
1019786
1020131
1064168
1046535
1063354
1139147
1158378
1128623
1158270
1045867
1030733
1032234
1039150
3022387
1068068
1332311
1209001
1180465
1207159
1370553
1081528
1084114
1115371
1100577
1102404
1136839
1153227
1185786
1146597
1141845
1033432
1052455
1046929
1020498
1051909
1090279
1074443
1103336
1141757
1149531
1035173
1047717
1054807
1048396
1047040
1048324
1069732
1082380
1111938
1117812
1133529
1031905
1020762
1024222
1029824
1050269
1078261
1086056
1115990
1154502
1127510
1050119
1030257
1037975
1006021
1032591
1076828
1082505
1132160
1131488
1126737
1000629
1068345
1040914
1036765
1044657
1048090
1089234
3105751
1131274
1146214
1220400
1037371
1037321
1018643
1041556
1042702
1041185
1072034
1112195
1122016
1158624
1016980
1022295
1047090
1015317
1022659
1042664
1073205
1084464
1107427
1139745
1155046
1013703
1042683
1026675
1031759
1050767
1070439
1074530
1093102
1134425
1164433
1043466
1025591
1022549
1022545
1047167
1057781
1068352
1109056
1108024
1146349
1157542
1030448
1027542
1030952
1025774
1029650
1080944
1104120
1128883
1129194
1145599
1034996
1033307
1016906
1026087
1052040
1043487
1079650
1189748


1563614
3858146
1391991
1355418
1253385
1217298
1230355
1250818
1216851
1240512
1265865
1313110
1544563
1159023
1171544
1164562
1174131
1194348
1220873
1198490
1219691
1255883
1269928
1134543
1139242
1122725
1403745
1155530
1167276
1187199
1200293
1243410
1240047
1439482
1092707
1090444
1090320
1109361
1136139
1155258
1169471
1159569
1154337
1294892
1037852
1051086
1036910
1029084
1051609
1081137
1084336
1113762
1141178
1160069
1050686
1020421
1041253
1026455
1034889
1133539
1102206
1124706
1143513
1180149
1038655
1030958
1046984
1024298
1047416
1073896
1101487
1116700
1124804
1181503
1031357
1012345
1046257
1029611
1026716
1043544
1074718
1099584
1134481
1139904
1146960
1041243
1043422
1023420
1047832
1033428
1057570
1097411
1127678
1140527
1160575
1176547
1047370
1036377
1027769
1046365
1059506
1080222
1098418
1137107
1135737
1359314
1025341
1040003
1035007
1027457
1058849
1091350
1100491
1131671
1144243
1238457
1024785
1035246
1036291
1035360
1035784
1054513
1117906
1109327
1131225
1154211
1035816
1043325
1025565
1028262
2966519
1055842
1103738
1123845
1138571
1161323
1043149
1026958
1026898
1047073
1048696
1059476
1088504
1117434
1163059
1130516
1038396
1032422
1017906
1036041
1033377
1060299
1066660
1076686
1099844
1163473
1148661
1037657
1029487
1051982
1026114
1054972
1076144
1095398
1106642
1126312
1155084
1054878
1041214
1023823
1038583
1060295
1052816
1072653
1091295
1139618
1119828
1313101
1039084
1047012
1032128
1027961
1027722
1065091
1125372
1135468
1144165
1175580
1020108
1024695
1063429
1028019
1056930
1088521
1068111
2910976
1122358
1159156
1016467
1030133


