425264
188672
173229
171394
179661
165086
176441
175097
178422
175001
159750
243362
171173
162872
239338
169598
170301
128928
323210
133144
325122
142303
247770
158559
260134
205366
188393
159393
167892
185470
157763
157408
179865
155261
184114
185003
160323
161846
230723
154760
162684
171152
152208
91057
399050
156878
79521
442670
159540
152887
165323
153066
167387
124978
92509
617641
142722
160161
157884
147721
141259
155349
149961
146006
160849
149966
152068
112276
360952
156373
148489
131072
249875
160236
175035
143951
152681
170344
177534
158357
156454
156465
153658
118310
304718
128464
231186
318698
152315
159880
158545
151086
147876
164273
147343
143598
162854
146637
152545
161679
146761
49209
465275
120370
280733
144806
54798
443873
150385
146306
146020
148075
139995
141540
150619
147359
166721
147436
152929
145385
137504
146152
150459
109537
327455
147937
142416
146329
141848
152957
154654
153148
155115
151536
151431
153170
145895
140815
106715
392175
168678
58496
324786
460063
148899
145485
48273
485090
171492
91526
402731
161221
145233
158155
139517
271250
155066
160186
141513
151001
148274
144757
156009
139497
151610
119945
246083
160173
143334
133708
290994
156869
72037
411664
170679
139191
157161
153665
155919
149153
147413
145578
149236
141481
142349
142344
150011
146995
144237
152529
119349
289684
154220
147161
154159
160880
139598
144596
153107
153950


422562
205669
188075
194125
88006
507782
183029
191533
196625
189622
200834
181364
176277
246044
139245
367738
183483
153963
197093
412336
160591
214633
158139
159218
161741
191224
140590
241618
144459
352804
604905
144321
93789
341740
150760
123147
301123
150988
154042
153827
71763
394795
152703
60901
271684
596658
148017
162074
150592
155301
144403
155002
145422
153840
147044
144578
142905
143692
124292
275874
154094
111590
293042
159234
153036
162914
151752
144877
159213
157345
156898
140418
246154
157743
105735
396051
155487
144349
165907
95961
242023
225348
1137931
167574
163744
152285
154209
154503
182437
169992
156183
162383
152762
123356
309955
159729
158165
156926
150090
157418
136306
260512
158683
192725
157600
115063
315084
151625
149535
163779
182591
136957
276267
149600
149534
155828
77251
417964
160984
128693
257789
147554
147524
155892
144576
172370
121840
180547
488523
170179
142715
157906
159169
62853
419562
142515
148484
144120
151779
99398
330292
46618
438535
141570
140565
165696
152044
144181
76733
406089
145358
135563
214600
151155
142381
179839
147205
155862
168654
161769
150196
170650
157627
144351
157636
153834
150716
165220
80640
389349
144826
63224
414537
88549
352106
156331
148305
128332
241973
92253
377468
159456
140023
155063
67658
398758
147095
148454
160963
113890
253517
421603
120829
200566
487546
145446
154171
147352
142951
144137


