742916
628484
540756
781776
579897
574102
875678
401464
412561
352458
353875
163998
582756
290704
94547
521662
467275
728166
161090
173424
146501
162391
161576
294235
1246295
179433
84980
171241
802978
150345
128773
292095
161741
148974
156488
116996
336197
119846
280200
128706
235557
49159
511124
67263
282255
209356
1224958
48558
467559
128316
143614
231269
131192
290216
134819
130737
96353
296583
181297
948183
106751
111611
652360
151294
136307
122179
185163
212315
300054
692598
948428
151653
175473
127720
137603
170262
145432
140607
154753
128134
288856
135767
157441
98702
355644
169207
142331
143753
105495
366749
162932
213156
162669
155975
131501
274904
95636
401097
199137
195380
171666
152272
143805
147821
142550
178924
141287
114724
339339
137281
286546
145772
158225
155015
152418
147485
102097
372028
147745
258646
151511
133536
213884
134586
470660
140322
153840
129163
141122
144299
146670
90865
283420
594579
141948
135792
148766
142676
135642
128727
104872
302638
101353
207186
651741
122307
225386
133570
135325
160926
135197
123474
129423
124505
133961
145420
133282
133622
125135
415071
377974
103730
281974
152264
140203
148470
121284
127232
138980
129633
75373
244680
715016
136684
169676
368204
139766
134500
132717
125366
241593
133106
145327
163248
142299
127518
124799
158335
126044
93275
423936
46640
360647
417664
659089
124662
130475
133154
79565
398823


592221
554187
661876
585183
540580
364651
1457632
2571599
304266
284675
233160
240482
245168
187878
187630
193479
104833
454664
115747
494751
151214
149647
163021
76649
463688
101166
133216
369389
1296042
126563
131372
585851
144243
158615
129190
315737
135746
155790
145852
157367
111877
517357
136519
172157
191099
151383
143133
142820
150591
150753
145542
136166
186531
275681
511904
1218551
145040
159116
148985
180447
149782
162447
59847
448876
522513
144191
140965
153552
140961
139049
207077
271549
180441
133508
181099
141584
146796
156886
155151
132747
147772
326030
123981
272312
148821
149073
63487
424973
79580
434700
54716
481887
151122
169039
138525
139401
62725
296679
457481
320355
1386487
135521
167095
168544
144776
145733
156996
162887
134795
94792
299599
298904
605388
957373
54481
426700
1948855
139216
142826
144972
137786
145454
140826
137623
93167
230609
406271
603400
158634
137333
131785
176938
160927
142277
574085
146488
75874
339947
152631
79143
368809
137293
132339
135542
120588
235785
95066
140298
683589
151629
76396
395986
156477
144966
140996
66150
420094
129816
134808
144055
96740
374139
144041
101272
279666
142308
150833
139581
151652
145636
126955
132155
102800
277753
167992
130053
128092
111476
155225
162358
1015495
121853
253280
160257
139718
130243
63306
403413
157125
138339
137717
151721
169613
126655
95169
444868
129075
211172
84607
349527


