120754
107848
90643
68076
62472
33047
29593
42273
32682
27859
37028
27947
45676
28479
49139
46042
72539
29822
46121
47580
33529
33621
69390
34278
85525
40249
29157
49424
46686
54813
213816
114352
157308
176043
232728
174920
68668
98298
221971
193145
147886
247625
75446
87987
98603
5249156
180691
116902
75386
57651
66517
94292
49826
80745
62717
49634
63315
70139
51014
55791
63556
54695
68068
116089
89378
95542
47806
45129
69617
42724
47634
44128
83349
44935
59007
64760
44625
59366
63006
40763
35704
44978
65942
55600
64638
50864
93734
46507
220028
52772
41654
42566
225708
70489
58500
53443
50440
48029
75434
38733
53515
47213
59688
64352
39392
37794
114807
54401
57485
85994
30242
31119
27717
92861
74431
31008
27729
58327
34414
28668
45651
68838
61018
31460
33777
32356
42716
49987
35007
30632
44890
37975
32128
29127
41312
39306
38430
31655
45993
36908
39655
35588
40283
29961
32047
42429
39984
61653
68675
40418
93622
38506
59685
33300
108636
52371
44114
53800
43970
51934
32145
39834
56082
32419
120348
82630
72061
38136
57728
43808
55257
41182
42431
38780
60655
52869
242117
38020
42353
43116
59565
39714
40097
78576
38317
62857
77486
37426
49780
48678
46703
38555
45387
88411
34069
77161
33878
28587
67752
56086


