73988
47492
28472
22296
22404
18070
16073
19056
32290
23985
39208
34128
21585
23118
18766
18507
35305
18764
18124
24344
26241
24518
23702
35414
38503
15749
21672
19613
19110
16753
16087
31921
32450
35335
23047
31190
19900
18718
19228
15290
55607
36294
17568
19927
19049
14623
13785
16190
34254
30580
31203
21903
22255
16598
22651
17667
64613
26544
33405
42369
49130
42838
23785
33610
72272
44136
35317
38938
98133
43097
36165
27497
32659
27337
39078
112626
35166
23645
23181
31616
46426
30218
23175
20257
37662
31017
32143
20410
22174
0
98611
34136
62818
29621
67227
30780
25888
29964
21227
14483
12890
18802
14629
25204
15971
14046
12473
13967
12719
26950
27547
26799
28097
30809
28700
30482
25898
32449
45573
28462
43824
27234
27828
39214
32975
76547
40626
26028
19217
16701
22784
78620
33125
21611
15057
14960
23356
35328
20865
30165
32266
21633
24057
31992
25831
17758
17226
21507
36363
29399
16380
18715
23622
30346
34685
27484
16744
14222
35856
41070
21840
15431
16888
17886
16973
13612
11503
11759
14117
30557
28956
63515
27179
23781
26322
39719
30828
29460
31063
32145
26440
29433
30408
128307
27255
22070
26217
28983
27292
35685
24542
20947
14705
27727
19756
11460
28079
15801
12126
12814


71784
69243
50757
38941
22309
24953
27839
18328
23521
13941
20518
11347
19345
15653
10637
16327
11105
12699
10950
14325
13018
15280
37130
18453
21515
13625
14696
11898
17127
12952
13655
12375
25096
15484
11416
15234
23385
18467
17636
16415
13282
19457
11283
11945
11386
12366
26291
19043
15284
14944
12574
28144
16701
18952
55654
35233
14294
13815
14436
12227
56028
13537
13559
10996
10968
19003
11954
23690
16750
11524
11444
17210
39937
22339
21367
20676
14088
34589
24202
24657
44383
20614
20549
26093
20121
17982
52147
27818
17890
21387
25451
140478
40473
23188
18696
17085
20009
35783
26541
18469
13723
30227
17144
32862
21964
20514
30828
27452
32185
14116
23629
12492
19073
12024
10838
11190
10565
11046
14580
16658
15430
11190
11945
15630
16270
16133
14212
13272
28844
27171
13147
14421
16861
28281
42349
19818
11823
17740
11703
14057
12189
13287
22700
12309
12072
13196
17875
25594
22147
26225
14199
15257
13203
32351
201512
20846
23299
25826
21282
14441
36907
35149
22504
27041
28580
16784
20737
22151
21239
34105
33508
21626
12367
17304
112142
0
24621
27709
23968
16533
44620
31749
26313
19949
19867
24328
20243
15939
16108
28720
21012
21504
15723
21518
23573
15742
14942
28468
24992
14417


