104296
95082
59253
51441
37075
30804
31133
26252
27115
25179
27397
25794
49630
27947
26693
24689
24621
43365
25483
24474
24402
83059
24058
27631
24897
29711
31830
38134
28612
34618
45644
24245
30474
33752
31957
27250
25686
28903
31533
61175
35157
28292
25716
29412
236256
35233
25798
26661
27869
75029
27018
26151
46253
25419
46904
27499
25149
45629
30747
24966
25647
26238
30107
26801
44994
23854
59611
43652
32295
37601
28762
28925
99598
26210
29620
58283
31923
35617
30360
54071
41608
29478
27187
51622
41639
33479
28608
38722
29222
31091
66088
39968
41616
27510
45287
41578
30381
28001
43750
35879
41585
38882
83963
26359
27108
27382
27173
26262
44644
27071
53135
25118
25383
55396
49588
39461
26492
26077
26917
26355
67220
58630
26109
27238
29368
26344
0
43414
29013
27586
41318
94244
29035
27478
25869
28365
43473
56705
39657
29944
45496
37487
40147
29741
28546
26475
59962
48946
31695
117278
45696
42652
29359
56263
38739
28505
31362
51394
36312
40047
46738
40286
31685
34506
26768
37990
26583
27450
65892
77802
88211
45754
59205
28348
26725
31436
49773
53154
98126
85191
74416
31421
30228
50593
29553
27969
29018
26271
26062
27022
29007
27198
29313
27360
25190
27464
26609
26726
26024
24470


183294
99422
62839
47173
36578
32266
53739
47969
47770
46419
68510
26828
26500
31452
26279
44605
50608
27346
25592
28056
26526
25475
25353
43884
26916
31362
29449
30992
61385
24620
25022
63734
82898
26931
38072
39320
30003
23166
28359
31541
26408
24136
26035
26831
26279
25841
30087
25392
46289
28558
25567
40362
37069
52013
28614
27351
87840
36000
27156
29439
26717
27060
29768
26062
47993
26621
24022
27106
30639
38830
39669
40947
29228
44853
34401
35098
30568
30058
39499
34989
95704
33848
64365
50535
30888
50045
55214
44075
38648
96244
34453
31325
32194
31559
71586
38225
30043
29957
28596
27813
38254
55294
104413
29025
28854
27824
26507
26167
34388
45747
29370
25548
25458
32203
28331
28831
26561
26914
32384
56185
24880
70026
30863
27507
44856
25768
32371
26076
66980
25967
78901
24342
24248
25043
25494
24467
25830
25746
31736
45805
29332
30129
67430
31729
48693
36934
38081
32649
83001
35238
42414
29489
29639
33207
78771
35563
27638
45125
32495
30907
55891
31744
34867
32056
27380
28887
53833
65425
24771
33404
33916
30028
35565
35433
48336
29102
26491
26553
75324
62598
55029
27203
27844
27335
56126
26100
25624
25822
27184
25157
44964
38573
29944
26409
28035
26719
47342
27892
28195
24926


