25714
13684
19681
10829
11636
10373
11738
19128
10518
14429
10669
9978
10898
20700
10662
11591
9582
20272
0
11899
16725
10913
55419
27895
95847
73822
31010
59144
37123
29465
29626
137069
29178
35255
27431
24425
63350
30115
25656
28864
23072
24736
47096
23288
25239
18731
42340
42113
19567
22513
18620
16749
37947
28638
31059
24965
24258
36371
30067
32777
33953
24554
29635
26976
28999
26501
26558
25481
26607
26971
25771
38019
28013
35328
103762
127466
117313
83901
91355
90564
77020
75493
82921
122654
88048
93857
96643
106843
103196
101462
91000
37456
5519019
117279
147455
167548
127814
432961
114194
41641
35658
37828
36629
48269
37213
34345
35074
28031
36294
26363
32479
21752
24568
25673
32375
74418
37659
18370
27280
30253
25123
38850
28348
140917
35849
38835
28544
37657
27494
32154
26160
17227
16293
20855
21659
22509
18134
13282
30841
25188
22047
15921
18970
17845
23933
21987
19190
13141
25282
110378
20684
11703
9718
12178
11235
11748
11739
10086
9150
8973
9738
9867
8684
9452
11692
9014
14916
25641
19899
21214
15910
15021
33213
20365
16623
21908
22650
25816
14109
19000
13656
17955
19874
21183
17887
21417
15406
14262
18331
13633
17577
17276
15085
18285
16223
17039
20132
20483
17581
17089


29186
28779
20428
28742
19437
18688
74616
19938
18228
18438
16510
18242
22062
21288
24075
18524
21675
20224
49681
25782
13175
12437
13058
11696
9131
8873
9060
11662
13340
11476
13008
8460
8218
13393
11082
11023
8085
13657
8153
7969
7761
8328
10599
9875
8938
8399
8793
8895
8614
28258
19469
17714
13821
42821
15831
29278
79664
19690
14105
11239
18418
17088
17501
14594
11588
23816
17993
11638
17483
18675
12962
57408
28731
14138
11498
29848
23500
13325
42146
23429
25228
21186
21174
26207
13929
11404
10171
11591
12791
10058
12586
9352
9437
8891
8913
8483
9252
11689
9324
14896
12258
9559
10805
9366
9146
9055
8965
8299
9417
14212
14269
11563
8836
9838
9941
20731
11426
12860
10044
23619
21354
12002
18832
70589
23199
32586
10407
35640
16527
20323
13951
26082
22939
16177
19208
24389
21476
14036
21164
25522
17954
27257
26750
35157
14326
21627
16939
25464
11777
11983
24545
33037
27341
23544
11561
14193
14885
10399
15928
9295
8641
11160
9427
8703
9108
13247
9621
11850
7966
9000
8159
10955
8959
8197
8557
21687
13712
9660
13283
16991
9558
9785
18250
8965
9116
15528
8353
15492
18244
18801
14111
11551
13628
16683
23498
22156
20103
14332
13442
32621


