1962867
1865703
1694539
2348554
1697964
1163084
1308875
855480
798963
683857
767737
592771
587159
582012
507962
497021
514284
468779
502026
469341
510070
480873
520242
464699
448612
447776
481229
449367
449095
538129
452471
470006
468870
463427
454472
471446
449859
3173215
520956
502311
450284
502559
451483
512667
496742
452801
449010
463554
449597
454411
468436
439058
448964
433069
457607
440120
506065
459325
493601
439106
578584
440661
494917
471407
436699
468105
438397
433948
446289
445498
442075
462381
489900
458346
449270
482333
434617
480200
494929
508175
440197
436714
431415
444525
434379
499025
460491
727100
480335
438585
449868
435773
3190562
442258
492786
439612
489119
434853
439418
434332
437163
434919
419018
422420
443401
439907
439785
446653
440928
436653
424495
455948
413813
472130
419770
456912
419529
409352
408158
430093
405027
410121
406151
455047
413479
454164
440981
413271
428395
425083
457341
411536
462833
423363
482070
416458
395935
396217
396225
396042
394170
404548
397145
395987
410085
433484
407714
411720
427801
435322
415656
444327
414064
455962
417496
407615
411218
410294
416649
401821
415666
400579
398476
402689
410078
402914
414658
395142
444435
421639
437572
402923
443440
402719
395858
400498
407951
396940
397820
405686
394786
403388
397252
406382
403415
412772
396662
426311
401459
440337
401354
443066
395753
395419
396792
395966
395068
401690
396487
401700


1772259
1754508
1936448
1750221
1804124
1711441
1235391
1046420
974945
802072
688035
679119
565358
560952
561203
480516
477688
499364
491905
456967
440327
450825
435223
512384
444580
475698
445624
486538
435152
444392
436797
434506
439680
435988
448605
460689
440728
423083
436212
424822
439310
420566
451604
444898
477567
437049
490248
435566
456951
440408
430882
435414
442658
423311
454302
443694
451205
444917
440931
449683
437020
471978
434981
481427
522717
489501
437445
434771
441192
418964
437065
448318
420658
419150
415581
413629
429451
412847
426002
417218
439371
406677
447556
396397
458566
413079
408640
412103
407017
412356
394753
398119
395803
402055
455039
527050
437586
452818
438483
469192
424548
449859
411371
458832
408634
412878
405941
410738
409234
482033
412723
418692
414538
407071
485035
429125
432347
411077
439473
417144
447125
414261
497078
421924
408095
461936
455440
409965
409407
473700
455688
456337
443519
449900
444140
433489
411799
437559
413203
458633
409763
568848
429062
411832
419790
474329
424373
408809
411132
405511
436801
410762
446501
439984
439527
409292
505305
423174
468557
401874
433023
396605
405297
395260
394996
397089
401191
398597
397556
437802
411298
422347
412331
439594
401019
430533
410525
441173
404462
397447
396281
396104
399866
398514
402574
400541
398355
496646
404950
398954
410961
400693
421424
400260
430265
399069
515002
403206
395763
397006


