2048340
2024096
2015209
2050791
2008170
1588443
1343857
1162748
1070686
1052368
809280
737622
681268
693236
579701
570785
569255
520328
538311
516926
561731
522969
635393
535013
520107
526847
514987
518294
519406
534119
530110
534733
505700
529663
523461
580820
506947
636517
516209
526640
502223
599566
556896
519324
501594
530132
525647
536417
580783
547826
620987
520146
635573
499357
501530
496105
492868
510438
484851
480590
491085
536589
511596
630024
778134
659493
543910
528290
637977
522125
481808
481537
485080
487195
507604
486623
533356
486163
578647
530214
656875
509046
490751
553097
498994
502591
486751
484443
503067
530473
490261
537999
497467
611181
496274
507968
539866
544469
600159
541322
532730
525525
521976
545141
547030
516324
573677
493736
642607
488793
651843
723470
515221
548372
541100
542420
553297
536293
560503
583033
533610
661930
643989
667538
533394
516378
511956
520366
529214
510126
522610
533871
540496
519944
598517
516055
651514
520831
528059
487476
487461
478456
485009
487321
494427
509844
499224
519250
527404
646374
506489
615395
479702
481023
477342
476952
475506
474439
483069
542454
512651
484501
516405
503593
613895
483684
515315
487437
488432
477591
473250
472775
482355
480290
496468
515128
485000
585592
482758
598124
481316
472976
469182
469625
474078
479692
476923
467144
488847
491609
536169
475818
576984
480919
602048
472140
466921
482687
471070
476493


3154984
2277753
2052570
2168476
1489403
1626570
999910
977027
816839
801537
672001
674214
599815
585566
593683
596879
572912
553080
635233
551896
683652
538407
530783
521340
539268
532937
553923
621477
511941
545248
555792
575787
585883
610339
515613
647232
537446
495678
496735
505230
503585
507054
528260
514625
3302421
537048
569151
537605
640663
541411
576221
529531
525150
533937
692332
541798
515362
533762
559676
586069
526059
625012
539638
644141
527251
523342
525806
525889
518918
590023
519695
512886
547814
515495
571573
519020
631614
520805
715513
520125
505362
519888
505556
511307
646133
620564
540158
569191
530301
580854
518683
646548
675839
533479
533357
510915
518337
529738
510740
513519
538282
519393
565665
518898
599773
536586
701899
525665
521365
506061
523341
505821
727542
487569
494448
515417
485443
524454
489097
609726
495759
498996
478843
482323
481144
533387
517547
476504
487690
475009
505226
522021
603631
476279
608108
488917
483114
482924
503649
470497
480628
480050
559000
530021
488326
522922
485355
562671
471899
573051
480676
496754
499581
463884
476450
529291
487190
492957
520159
510189
530266
474288
602855
479756
487509
483579
488924
483878
479456
488579
472214
613507
467583
510562
483611
554097
465268
600107
473829
479482
495694
480305
472024
465026
471761
473161
500761
471476
507188
494972
590993
470106
529619
469705
484510
524076
541407
476724
480569
480757


