867345
829347
922000
883320
782458
602994
394913
454604
340321
355968
309444
269340
230143
238611
202537
241419
210234
193494
205211
201935
202226
199598
190601
208433
214254
220034
191800
214822
213170
201889
202799
197785
184186
210467
212888
217898
199371
201912
210211
248343
185086
200204
204780
197986
192387
199917
208104
231037
193368
195545
207980
200770
201931
184119
190113
218433
194858
217777
191460
205836
260955
227479
191107
218095
195043
214161
217655
219648
191630
233808
214331
253678
229799
195838
198668
227284
204514
183330
240532
202223
199452
213338
223107
198396
216613
219309
194953
255001
200258
228065
232960
220687
179369
231549
204599
212038
267391
230967
175851
199893
181433
201054
199547
202230
210297
233261
197009
199601
223448
181753
397982
231823
208569
216152
187039
221932
192865
190632
224514
196586
213234
233252
211916
171100
221951
207851
196689
208059
200328
203330
206296
197607
185253
219400
216974
211083
198025
199990
186365
203667
192503
185627
222098
185803
207355
178360
176152
201441
191641
174392
202449
198081
171150
174194
197452
188966
195474
298831
177052
203420
181918
228423
220265
200182
201673
188276
191648
200126
195084
203605
231631
204086
233187
186171
190746
202619
210547
177520
190665
192178
189347
195387
199342
168030
183220
204179
193387
180135
221235
177031
199867
221560
193249
177735
188916
188991
176820
186725
189292
168650


878373
866605
664085
401921
402821
415995
432924
310666
326201
264356
297703
2227592
216210
242504
237811
224819
224172
223532
233937
235482
216740
216647
218730
216502
238211
228206
204044
231475
236474
211722
221049
202398
204689
211747
199551
245264
212643
202457
205798
229807
220370
240806
209213
194455
211616
202374
207281
253277
195899
205113
228434
201260
197784
248436
203137
228071
233793
197864
231658
230839
194769
211516
302010
281612
221140
259386
225539
213463
207375
242043
207084
268583
243533
239282
208789
216778
209430
212046
217362
212552
213742
234200
210707
216128
211112
222168
224293
205135
204520
209398
210889
196207
207565
203673
227130
217105
249521
195364
212813
220090
195412
220260
223024
213633
177623
228885
212207
202412
214096
179418
205794
192690
190138
177295
221587
216685
209989
205538
210254
243528
251914
210504
197007
219367
197457
184827
228843
216201
191960
210136
204349
229116
194046
208957
200595
172153
206683
201171
198147
187072
192891
159078
168311
197036
195657
179319
190018
186664
187700
207758
184655
183644
197701
173220
217392
195208
184560
177575
199549
184145
200689
188181
163721
212344
198904
182712
190883
178468
173109
178335
183217
180065
187950
202611
167871
204145
206137
192385
200735
194766
188275
206866
190693
170858
186917
175649
187773
196058
220012
183692
205291
173938
181735
195856
196632
184287
235051
197172
186848
202918


