716097
212825
219303
200834
220633
210785
198781
202984
217397
189126
194962
197115
241546
215849
194612
196699
182601
199694
203108
200457
222708
195794
197749
189696
186506
196957
186829
197499
194507
188668
190737
185634
198893
190323
184200
188074
203330
197529
192666
197316
187021
186631
184330
187084
231210
187414
179376
192067
174557
208724
181369
181421
202989
194224
179330
182408
185140
199678
179146
176577
190305
170054
170198
170404
175046
191455
177400
169429
163856
169684
166993
178222
171433
187399
196094
188767
180641
189226
188279
185876
164217
196274
189763
183815
173262
179565
162406
168791
163796
232945
190816
197762
186108
194916
173908
174646
186435
211953
189274
186081
174968
181237
200576
186613
190062
215307
176304
179239
163743
164463
183379
183562
190588
257082
178525
184703
179806
182048
186358
188007
184377
205962
180229
175931
184468
180225
179376
167741
187069
186471
169249
167610
171512
180996
167490
191228
169109
192587
156167
183377
184378
175874
170735
172331
169544
216911
175831
179041
172652
179807
184139
162107
178405
171811
176360
158492
159108
164073
189425
162761
176081
153736
184891
172868
175876
182904
192764
168898
183160
172053
174786
173831
166984
159066
172767
168375
162432
174022
167196
183198
170131
179500
176784
184500
171823
175805
177293
168011
159489
171999
175143
178676
183891
174131
165970
168654
169301
160825
178591
179773


228465
214193
199022
209419
206810
192848
228082
208019
209264
194373
221148
222813
193256
186375
213728
208170
206037
182734
191132
213584
198549
190903
193142
196747
203715
193266
186694
234960
198181
180927
195233
198009
176957
188012
173530
186844
203082
189733
184472
180272
196314
205570
184016
198579
181013
172713
172776
182147
177165
178403
189736
210283
203153
174579
165544
177947
169605
169115
164679
171126
175642
170149
180899
171310
182171
167707
166714
188477
171032
174058
177774
159346
173239
207048
199673
183827
231815
193764
169878
188279
178168
178472
184299
195703
178925
176007
180017
178539
203542
200222
190111
197793
187544
182688
192651
175419
185069
192738
186475
211711
181720
169847
172109
176306
164084
174259
165908
183680
168888
170876
177083
176214
170413
173128
183871
216498
177365
171789
176701
173602
177397
176401
174369
194441
176950
174454
197113
217842
231135
186043
194423
202673
190510
172535
185455
176177
187374
171832
172988
178239
184239
173582
197779
176435
191798
172270
169756
176202
183434
161069
194312
179690
189368
170893
187060
178652
187537
188693
184401
180910
192014
175837
174787
179186
174697
165059
175738
171820
189512
169351
171802
166758
172157
170923
169876
170687
193085
178571
166303
167885
178477
170548
170154
177687
193403
187295
175841
181430
178474
184325
168366
166708
165083
172688
167509
162505
166674
182308
172812
170082


