31549175
10770134
13333049
42029016
29015448
31841068
69021329
25123166
20889259
10859517
38709356
33423197
65660884
61717671
74713533
34278810
34593945
55999848
61772895
49927838
48428674
66267900
74379076
84056386
44677168
153995017
118857176
52963840
24822418
142677025
37167551
53857826
86737785
129060639
12886564
45330529
39303715
18852926
29325674
22445944
42187045
54578510
34140211
41362892
31964145
16656953
59007411
40417383
37550216
136935718
136056974
96904018
83166474
52522382
66485779
46160570
131101198
208280561
93261666
81775856
40405986
42228665
60375520
225041338
35279887
40869069
22217567
56023851
105505018
50398252
32081592
117107843
45292552
113101991
97588711
85074684
164257603
166601806
146943125
150017437
154036083
133452024
215614802
72055497
94100735
397623727
125836415
140639470
137323936
183664609
227380752
414032183
119826046
202744021
142747302
110395593
317442666
336709239
313705792
241450241
319831588
472433140
616678835
268528486
189390145
453784234
172279427
647672912
166805521
184145584
238249286
143422845
154094990
261784965
74174332
66763019
79781536
174783776
254072311
146335666
126889554
136875254
150333840
197679939
302540215
181835719
301145618
166844410
202079440
155081478
404964062
207549012
664122844
308467850
128372735
277902558
221941635
364978773
461307748
152951554
247514540
379746831
200498757
236270026
473090141
187036728
400246003
153622890
417269881
172957434
489983681
197042162
541808362
252556762
171259240
753554489
623927818
469302115
375577885
591185932
508390782
575849431
517876158
539767756
206542911
949842200
1170121256
530770084
689098900
454622279
423522092
1724671940
386156299
916333520
535531110
240963536
491393695
700605104
714520536
353903175
604898866
1482096880
943833890
1268843843
638732125
290379590
599722227
992793962
419037901
473589785
750151964
650757009
304966952
575450742
594377829
963803023
364756026
559643234
244185503
417376130


325299643
843949690
368327988
1447930258
256306260
548380446
623664141
431467778
521689823
486895331
231630843
534473600
236307361
202972860
294130213
344467980
327204284
719061688
263095990
726756805
362279334
591370764
430249583
279650340
389477028
851050798
384077963
795452078
730293511
821257776
380694877
601786285
572383017
443912749
1050643830
241833986
1631341722
959804252
436769236
288638240
1126999892
739267025
653041962
504888131
955308174
1449342579
461331813
749335462
638681349
849375859
285897645
749783395
317064265
508844320
275411901
465624588
723120856
656594405
616605970
501837349
982526784
1344275507
610641960
444792802
390897138
618087727
612723802
590808203
952161141
686099367
357880706
451760972
415872498
822824996
770499957
314623308
775380425
649181582
889901703
776210718
325220867
573898036
603482542
640846308
442118091
1093128002
1614297819
363124381
911274077
795589728
1784238159
483455580
726694837
1610759111
1197007588
573603285
688116934
949062211
1283772546
1448409408
1734441869
1139507655
1748898995
1421943932
2192759201
725574598
1996901482
2244877809
1419028219
1401090122
1562997249
595779728
833870296
1274088016
1239800971
1377164570
586822426
1422855252
1671057129
1927812714
958132100
978723921
2577539693
1004104421
648609774
1019455047
3199696729
850940472
498498577
976799820
937939364
1193549890
707166785
629400697
1051851752
3751453313
914482302
1131874826
1202936588
800129646
1082034103
386148799
1501945837
775929236
1162463724
849110324
1216058360
605565575
2598700901
4852675875
1520388741
1950494703
827986584
1050842556
1240535378
889703017
2073137772
1318508571
1559235496
1628365782
2696478593
1021107792
1092894247
1171046875
1334256483
917043137
946131305
710119250
470805254
1153746255
440207682
758734783
1452817818
555644450
685744041
616867868
1012667139
2085598383
971873987
3142324769
2086895517
2736206468
1290553388
511960127
1015259113
1953385140
566824584
368939378
1134318409
502966226
809805029
816957405
2083950580
535661713
1638469650
1163336904
1360906583
697144937
865689613
1419648470


44442667
31029974
32674659
63850488
57290331
63449355
40042815
22826073
19731877
33208314
24807092
35575499
37442920
45732124
69385620
36516392
80698397
45888695
88989709
67705310
51617468
44782716
34076524
140117451
73151422
116988323
91347216
197996020
70119736
100060275
97325563
69731414
205208249
97596083
120657138
200917281
106039269
98014574
55308631
203292364
163427734
80374636
103898438
192101862
186770531
255821666
170941940
117716777
98230576
252819805
248397447
401423095
124699071
383115753
233323113
125786141
345511886
110896454
142232545
257964124
193120140
330983244
141471097
334541535
437548679
262179297
306179736
2313162876
10105465
8736418
19243657
40062289
52830725
49409036
78015959
16373766
38915499
77298731
23691610
72971339
126546011
152875624
129150674
93816666
64109221
119000147
214651937
234709930
294185068
50375995
332572595
104794216
107492303
60988379
88833452
255145086
241923097
214582455
135376880
215664589
208568924
156406240
442526768
387630237
211901273
210964244
136895707
113463020
448425361
596932040
169197605
239331002
694409297
4250768
12193655
28542015
67908617
27505515
55558186
51949818
30319277
79795706
206315165
237419409
96320320
78507239
88896048
93650993
146042721
80344080
164985560
132364155
328234559
179976096
222599640
188828763
299456599
123166364
394521609
297161028
155675115
202653311
203865491
156107491
267173080
141753990
270479025
156212946
152672650
294261134
122384965
96509650
307694842
134865515
62119319
82478189
183395248
144318488
331208981
209932082
132751579
235576022
191203044
386423879
447071798
134078390
226601952
284237146
379653150
123659332
296564524
509124932
460630495
214942235
249272085
238864499
101107481
248690412
338967760
84704067
82507707
188796879
92664487
307164697
223343232
277144330
125840041
395698159
84172847
159286021
152870921
236897304
493632239
1347706648
3937607
26220860
30139996
12671654
75658360
42974133


