29088558
10945854
36921329
11832528
14787492
84234418
66516883
57802491
39148974
118523375
74285362
102749594
108708836
57873188
95588267
51185713
204670252
188613503
132948805
63571018
206727408
168430931
114728869
222870736
320637859
211676183
215233834
296199828
208048389
237613388
187172757
166569959
344093251
128104617
150261727
395112585
424974871
127775877
146134896
175767709
631071966
267108478
290543314
193257222
173179865
597321548
588184068
133031241
479778602
410514765
312357565
508807429
149879787
156745132
600452304
316567379
219386541
240893670
178685360
457403299
616863311
218046710
602221891
379852368
629002115
541474420
581968058
683380575
669408677
463225327
751388587
745323203
685193552
254117939
763210011
300380412
581979621
491799014
297873186
553754498
927607613
966405796
392820660
413911004
1090032719
860327882
1002801739
813067351
505944687
581850364
529643221
666111842
750699454
453357572
902330833
957105443
413656080
967677734
827061256
1140152369
481008812
794713365
11430189662
8383333
22462941
22585023
20287055
64481029
68526696
74456294
80625301
113735567
79923641
92267738
50643516
69464039
38551056
151017021
114736277
111906488
62288600
75940898
190535380
52861363
137988253
236922566
188741317
87511235
189507937
135574856
162546693
171369485
111201570
199553433
339166289
347430587
148430237
116394477
374097659
329940375
201136593
371992602
162694888
136254680
438711028
242348526
406023128
195784108
205020426
264424030
163187901
481656768
566419110
582167153
578473824
274321206
202542296
295491466
507820438
293285973
490743004
455078694
652150989
480778158
668120356
348057274
523204802
4082137905
14608358
15578433
5460709
24408880
46104113
44283483
15827357
48726820
48125673
63706627
81581223
60091330
74483319
169314595
113249259
132786941
109914190
111984830
125475992
162209390
84072132
68928469
455082588
8455841
28683848
13125070
63731020
51160605
27400319
11351674
44042957
27467827


85216123
24472530
51270345
31951466
104213912
122240201
139797469
68212811
90340229
131610960
143212229
184874253
207211842
180480965
173256255
171330514
111963015
147577099
125967856
207198194
225585703
187246387
283788682
95984228
172861874
158789211
179938837
264335152
363325165
150673588
341898004
446950077
303993391
190229131
242919309
513098642
216767723
543833071
618449050
226047298
364404633
380982255
679044727
451057723
217894762
533597081
192391541
255297860
417497457
343229326
381209798
253266990
278714477
253785000
514583821
347291065
769803591
395072480
719475743
718092457
487435032
304063462
360693256
699597645
391684725
839204169
567403287
734638369
364064113
703382092
1133514585
431495508
563267079
219418673
217878538
471926996
955626736
757488735
740467679
301341025
502598785
747349031
253159571
283107914
425851681
377207691
379032395
276059359
1034552035
336409098
682045228
1035469039
530294794
1135523440
896431688
558948048
528202955
850281453
1307103668
641978011
414654146
1322830053
532795461
979014283
1045984565
994640310
380979476
922415420
367283660
1293810540
1080494852
1039036028
1376713510
463822160
629033122
925061630
818144390
825632752
456189028
1006597960
690138102
869224020
616567215
1289411533
1203314250
1165053121
1207301674
561354565
604911018
701130732
640306949
21300826203
9312865
27909806
13555108
33597037
36268921
28598390
75061294
72203392
33070301
38274362
97473559
76033148
89880454
70596791
84093922
170057238
170034333
57137499
124877582
136264788
92045711
61708752
98808711
155705462
64046207
259218972
225182515
215711999
150348485
156389803
185570787
333591085
114559364
124629789
267490784
337534770
244745095
213592449
431019423
351034331
304777595
469203533
392590301
296081357
449800815
406868181
120694207
149934006
242743468
292621938
304572500
418340894
360824937
532729522
255762415
587777147
469963619
576082278
384823973
336698913
718706583
410569702
554675376
610226177
519523264
588815928
410231007
327544156


