605753
1799049
276297
6504898
2729532
2276957
38625908
270559
9430423
4797073
455872
3725564
1646981
1138966
8717921
1703832
540216
1848380
13668304
328481
267513
1855485
352757
18614258
9536008
505711
852353
5539819
44590737
703208
646460
342068
1056861
885736
1786844
288680
369655
281328
14179339
282258
323255
11575085
662319
406084
5484266
6794277
77215079
39287565
962228
8049973
380589
809506
3977552
585064
267043
280687
2524577
1508086
476504
408097
88683390
2278393
274330
4873661
1196005
431727
8529069
1019962
711402
3923798
383327
4862658
796577
36753306
277402
271366
267821
62642477
395420
852276
57832689
253073
1546304
8072336
4973361
1709444
1559460
1110622
1377701
1693072
726879
275391
31025643
575108
845660
410814
331329
8338639
1141858
282087
16701131
2248458
1112210
53725619
9039780
77856849
761427
2248507
292547
39082979
306671
463373
20287448
14322271
23586646
2034780
943744
506241
1200535
3919577
787360
1070840
13949731
1657815
46136925
1158992
959476
513019
418029
3546070
5456113
48231889
18264087
3947930
473742
2059718
420167
279746
364702
3080763
1494268
5363869
3049405
1538604
615206
699475
266002
3292440
344292
279889
760577
8328474
2194511
314462
26367375
274360
614215
392404
7311155
714491
7540550
694455
7036175
2255041
434558
378780
2152107
1391521
2377930
347597
450993
805577
36656901
1513113
7674573
386852
4533895
6915222
351254
430816
3988118
419333
6813107
698452
831957
6557784
2577623
400887
3489539
1016725
1394793
283299
268866
715632
1416237
427608
271928
479830
376139
284012


