11673047
344563
181817
521289
4842678
120787
328999
147818
108373
94467
114348
163632
88365
121286
448823
96995
121552
83761
164346
1019783
89287
122369
80573
80936
198990
97203
92566
108937
76821
145768
104278
151743
256662
165023
94044
72691
123274
100030
93968
124428
549947
134925
116385
104788
446950
80760
249793
94600
72878
605705
85131
69201
84344
121676
141530
80036
72117
173256
71698
62340
99801
71030
90600
88331
70366
202030
98059
130294
99645
317823
248464
82215
81320
74263
79129
120235
121782
101988
862548
92726
244060
78105
108396
119027
110991
699340
221600
111681
646371
657081
75545
75887
74857
82829
72987
98536
95963
87934
82893
73708
103695
92963
121042
82834
126300
81580
104023
208328
64918
73927
198995
84561
249196
158210
172833
82832
627732
164251
192250
82921
75990
86705
71633
65088
67260
196571
71072
136518
92645
72214
108515
77975
68956
69140
64412
75223
157740
76692
65966
217788
96311
309237
90037
114276
72538
84464
279633
81016
236256
83622
96733
79166
77985
66752
91139
70474
193325
63243
89644
70795
80705
77560
81534
72154
83630
108494
88348
83793
77836
1082916
288906
316955
60067
58214
172944
88031
181498
179030
95871
63974
68750
72804
102129
214017
182080
378567
93672
71293
148743
96993
169090
140955
138505
105889
97611
282176
74411
62225
496898
128461


119505
162707
82458
448855
60541
57888
55427
55928
57693
83785
54270
134930
55290
174621
115583
58726
68058
98812
67190
55263
54086
76149
98253
80093
144494
243159
55226
56213
54917
86384
78462
61289
70129
762869
59665
49986
59701
55676
58250
48498
60770
85681
65969
94459
60700
196829
307981
389107
61937
65289
56169
54154
54839
83358
48669
134530
806195
103446
47684
116840
92494
69390
52577
53352
84862
38097
1012814
88491
53528
70946
119432
59885
55327
309063
54707
50741
68842
51836
51705
59655
175854
73257
166549
51521
151956
70125
438843
46847
51853
47072
45338
49782
62422
62017
45934
41963
951720
110826
110254
127213
46178
44713
47803
520520
49123
49821
52336
46851
109898
98070
76947
240787
62546
78181
311813
323789
38058
57893
48987
53782
874029
61531
71911
108237
73320
59697
131386
78281
39841
693226
37165
305586
89374
48334
47477
41698
76927
73412
102651
42937
689562
63732
72744
302592
44154
39805
46260
37325
36556
37776
109295
69568
830924
43805
92810
312554
40800
433476
39685
270028
44945
55683
110629
48056
360400
66675
43324
41617
44391
63614
74096
55887
56586
35903
494819
73020
63020
139922
77650
139057
61772
43707
53266
63947
38130
46576
60584
38534
39272
223579
35331
96228
44384
33962
42636
34655
44659
40725
38292
88607


