24524
518622
148992
23218
21868
332622
75059
21292
669672
23763
31733
25996
25958
21116
19743
20335
26149
37781
36701
97048
25404
70786
30192
122133
36129
20941
23538
24208
38849
21604
109112
21692
30032
19290
256416
19757
19807
58086
102279
58169
18550
66697
48730
76689
21767
21323
26647
18869
25644
32736
48497
24552
82228
28501
26770
36581
325651
51747
187530
336625
24124
70348
26278
66035
40863
423022
30553
48241
35533
27626
63442
22303
24113
40324
25808
79350
39743
43455
23943
49324
26234
20556
241983
25112
31646
24754
24200
388674
21015
23773
30514
85392
32051
30144
21424
24116
25300
27202
707272
36008
22297
374158
44751
78264
20970
21877
31249
25160
19072
20540
38762
33302
21180
21184
41378
41717
27985
20898
35844
185747
20599
22393
30975
1000665
36284
167365
34238
36631
19643
131408
242701
21843
65441
68593
25036
20602
20322
20603
31620
36593
20862
17994
33289
224353
26663
27259
20265
19375
51814
22062
27801
21509
23220
20193
33175
35696
76359
20386
35362
18796
44932
21349
34119
621042
338813
21311
23070
29768
19233
33963
83308
71712
19562
593569
32433
28173
73141
24101
23660
21390
86337
23477
79764
57762
19770
29944
325069
33577
56689
19952
77932
24512
32971
21047
21335
19798
24246
27829
26705
52942


