7241954
766345
3959785
1729507
357283
287038
2274929
766521
801043
364880
2920035
6105297
7336085
77793019
40938788
359626
309447
339383
357107
1111691
1125391
352195
5849553
1995166
38050825
329047
790932
2156393
431658
14523416
10280065
8328924
5138970
2932832
72372338
1755597
305941
764618
1577266
899235
467619
5499085
5025042
1470400
374127
1099312
847278
3179450
357382
12516826
990146
9574682
2550112
324569
411024
4404122
299997
51334497
19934082
10364477
418153
702173
11794404
6126735
329987
412299
347147
741599
701071
346882
5824166
17582931
868299
294891
4172387
345997
399911
419611
668922
3220528
1173859
4648533
9876228
323378
1266304
300052
726323
7167711
498141
3432346
382865
17171442
678412
279352
10529946
496509
1069540
760136
2306623
6873322
360244
2372467
2066241
35271860
2035855
2494282
1590748
7139840
698353
35679679
336424
1961655
43485734
309889
431779
1768252
832551
413816
1313969
2140559
357956
363132
317877
4314754
645581
268526
1078643
2674260
20316573
320558
2022832
408024
2041811
3844694
5758659
668440
264800
628565
1295483
1183805
24895374
398080
661145
285221
342593
409579
19691092
2280867
1717457
1546967
341725
2405127
480102
329583
346049
10945997
15220028
339065
1736132
278377
6300253
324764
382520
453604
2427150
97087375
4353266
447506
420147
15122339
507562
47924799
4653418
389142
270455
292782
676124
2929930
7057353
1984900
783726
305197
21192664
2156065
278608
651388
104086759
678200
843366
30137037
274427
1396133
626057
362110
26053010
990593
269418
3220976
471877
868047


