46544806
26817367
26105905
26866437
26469713
25352080
24825690
25151816
25075809
25230088
24836761
27318143
26382430
28834348
26991601
24988739
25874244
25259509
25699736
24848537
25839933
25489387
25196803
24942763
25374671
25200301
25281351
25150880
25370522
25195140
28723720
26379140
25276768
25079615
25036125
25703265
26811377
25046307
25169746
24886894
25135682
24993675
25010231
25000960
25079386
25016488
25012819
24981771
25149709
28689859
27555985
25385189
25152933
24901908
25120010
25091244
25064343
24905000
25195614
25160663
25149617
25125170
25283756
24877228
25713112
25690801
25344924
24898973
25063687
27161514
25227844
24871757
24989761
24999560
24928312
24958353
25009385
25070607
24861927
25053570
25057702
25224141
24903251
25393025
25204756
25012680
25239024
25400220
28616823
24992387
25573584
25087511
25130295
25010200
25284269
25000610
25042466
24978494
25167156
24964867
25233007
24981295
25159115
24896048
25199769
25023679
25041738
25002881
28575322
25064437
25111160
24988193
25091185
24974548
25101560
24946271
25088915
25021302
25072123
25006301
25103073
25058763
25147105
24914803
25086663
24965023
25061232
24885660
29660144
26047401
25342737
24904597
25319801
25458428
26090556
25167837
25283860
25543893
24964504
25485677
27504428
27000825
25211167
25450392
25156761
24837816
24931463
25151491
29097626
25985846
25211231
25410151
25197348
24929092
25062173
24912349
24937063
24909926
24966650
24901755
24953830
24939977
24998165
24909617
25205995
24979198
25055080
24875577
28545666
26649977
25646767
26133947
25579061
26035022
26798151
25139318
25182010
25064376
24953099
25038852
25052082
24935422
25074814
24958029
25098785
24999279
25015185
25017208
24866025
28140766
26464535
25243198
24955783
25059715
25001608
25050721
24892513
25024245
25096174
24933889


46644082
27919968
28500725
27381526
26149501
25555920
26856502
24974299
25000630
31903640
26673989
25921181
25240833
26185735
25357220
25909440
25089318
26238231
24950535
25082497
24994190
26689323
26240595
25360690
25128766
24975055
25110799
24866070
25080976
28349172
25592720
24979513
25042578
25040690
24989682
24944342
25101862
24929414
25317450
25043841
25174796
24929289
25087317
25066557
24938427
24990526
25103239
25738115
25582771
25109085
27403010
25852643
25192878
25061187
25213039
25010780
25181129
24984846
25186822
24898975
25998112
25845454
24985324
25119888
25011178
25166643
24921446
25076085
25069893
24882686
28489031
27059501
25500046
25068242
24856919
24987849
24971965
24917335
25092754
24925386
25071372
24899881
24996606
24937073
24936003
24930695
25024820
24951516
25143794
24885226
29412168
25276900
25067740
24921079
24963077
24996447
24967088
25083242
25016855
25064772
25095630
24895373
25069066
25009484
25081877
24888490
25196183
24954162
25150449
25143417
28778442
25456221
26242576
25498296
25137662
24965803
25008026
25163192
25139854
24933540
25087184
25015822
24946317
24921017
25096299
25017571
25041194
25044192
24968763
25003572
25009735
26690431
25342017
24922629
25022969
24972893
25150630
24918826
25083797
24956254
24998147
24938632
24972863
24890622
24877070
25015841
24965403
25015121
25127226
24943304
25227243
28955855
25274242
24884318
24969049
24936757
24926044
24870702
25061015
25035016
24987208
24904056
25126635
24938492
25116758
24945331
25093936
24968628
24957960
25003204
25082296
28637015
26009904
25315888
25075169
24895926
25275020
25037082
25155265
24908086
25145709
25151026
24963332
25346666
24986740
25226274
24853164
25144802
25024566
25000984
25019630
25132723
27068438
25620090
25118360
25347239
24901903
24997371
25095175
25436333


