43939542
34788620
33626315
33488026
32853028
31668180
30908279
32014964
31319644
30701299
30965558
30616090
34391712
32749294
30932394
32418813
34735448
32462396
30703832
30797137
31048792
31542382
30979625
30578580
31773933
30618946
30419568
30897315
30351508
30993442
30605979
30650156
34327153
31593023
33786735
32505527
30849630
30539677
30156024
30435483
30445462
30716804
30565866
31614123
32122646
30852831
30235665
31234855
30559449
30773625
30748150
30357932
34080708
32227762
31205325
31332983
31548222
31309145
30869275
30903676
30765353
31068608
31360430
30501860
30672614
31243017
31054884
30881472
30420915
30926911
33094052
31409946
31287776
34292154
31370293
30765827
31039894
30581604
30509265
29828672
30985339
31303633
30710412
30721381
31214495
32128792
31475862
31300382
30566371
30771417
30813693
30514448
30424494
34618268
32842539
31394360
31441082
31308181
31545660
30630323
30942492
31076798
30929348
30741454
30738793
30691979
30924203
30761904
30942736
31002728
30728239
31082971
30862710
34415812
32362962
34821526
37771472
39284405
34651790
33668543
35081033
33480683
32704250
31194328
31232347
30814610
31790439
32104202
31736110
31418891
31032354
30631297
30976653
34355725
32008550
31295166
31305708
31366856
30996151
30070131
31592692
31675158
31309871
31480798
31900978
31127585
31131501
31080654
31172658
30585291
30690777
31189242
31223528
31156173
33568773
32675128
31210571
31424424
31231037
30799105
30546707
31030287
30865115
30342576
31047837
30891516
31069561
31121148
31047855
31743123
32217769
31235434
30696056
30781101
34247578
32895618
31237574
31183254
31220696
30960610
30563852
31275426
31221250
31151355
31431099
31408688
30295902
30595834
30559668
30855447
30600850
30876340
30715403
31289825
33293237
31051268
31181901
30741108
31487676
31537325


55187540
34459468
34383419
33018637
31956465
31700902
31255030
30804961
31106848
31130826
30808404
31203373
31834896
35565964
35841737
32838975
31421854
30901586
30906045
31260483
31183206
30706744
31368513
31422423
31720723
31199243
31036744
30830101
34086588
32379097
31318346
30866564
31296912
30993675
30952991
33717721
32300992
31154872
31581807
31106325
31486096
30759430
30807383
30987038
30819438
30963575
32205611
31743711
31081270
31256086
31030103
31073539
31313583
31624459
31547608
34721093
32754305
31403554
32141083
31836490
31247169
30229790
31152426
31363878
31054022
31283353
31320642
31174188
31318319
30751103
30635189
30771595
31182718
31332777
31014262
34748921
31324509
30899680
30716296
30742290
30633911
30780114
30631139
30453778
30484604
30196828
31149895
31384964
30730629
30540685
31413521
30814644
30443498
30709863
31175199
34587037
31517772
31042509
30663854
30233486
30571827
30296953
30950297
30610556
30748420
30358739
30351941
30988861
30771417
30874381
31079259
29897780
30395372
30694863
30132009
30411460
32831742
31715968
30832310
30838474
30579935
30778811
30131370
30544715
30485330
30500582
30982002
31170503
30225296
30857674
30574243
30725817
30177126
30222094
30803685
30774210
34098098
32855821
30839553
30678788
30734661
30539512
30056376
30179141
30588870
30721767
30706972
30290607
30759711
30557919
30301620
30687725
31055622
30576670
30258753
30470006
33346914
31055099
30274656
30688556
31546637
30781421
30276543
30353972
30592324
30521412
30479297
30506565
31007023
31164127
30751588
30362613
30439259
30482238
30431537
31048989
34312103
33130642
32019141
31109707
30965851
31191058
29776649
31451142
31396491
30891548
31137023
30630642
31255955
31496019
31407420
31007395
30888046
30746339
31202379
30718389
31040077
33380273
31588792
31218075


