21923601
15522991
14422223
15822513
15655127
14578791
14878274
14426789
14341185
15918592
16349212
15812033
14568586
15045506
14211096
15259400
14340098
14170502
14786221
15902555
15746512
14376954
14200001
14100050
14278062
14391638
14193787
14465856
15238724
14938081
14522286
14196567
14508548
14044492
14287870
14369288
14410195
14168347
14319788
14222549
14420536
15919422
15207378
14486869
14378448
14200425
14306588
14220989
14364189
14346922
14639024
14241577
14352509
14131115
14224524
14283361
14191285
14220711
14357301
15899671
14750626
14616726
20451044
15244463
14573554
14179563
14489755
14355365
14380276
14469972
14332800
14371154
14375163
14200608
14371066
14635642
14429130
14714267
14369817
14396992
14166462
14277683
14211154
14172978
16182163
15664567
14802712
14349792
14252415
14188880
14303365
14454453
14272348
14427690
14571667
14548605
14587269
14236237
14218753
14466557
14402452
14610053
14187237
14289171
14345876
14313037
16275606
14825348
14707856
14230365
14326568
14165078
14171292
14297430
14085730
14313147
14364373
14477050
14257751
14238413
14434887
14235562
14214464
14191694
14321114
14338331
14261676
20782448
15027796
14739677
14370652
14410385
14282213
14305905
14231619
14363135
14238209
13980252
14412110
14337308
14435321
14174411
14387661
14515851
14271875
14329426
14206174
14158820
14354873
21303402
15426444
14643584
14263768
14343255
14201940
14258269
14144334
14206061
14222722
14252548
14361947
14379852
14505632
14264459
14345339
14262880
14137660
14276679
14271259
14255468
14310762
16017377
15242866
14433634
14282163
14194843
14273511
14286463
14230953
14243915
14176796
14405903
14350519
14536849
14586527
14578107
14372711
14277596
14241860
14354985
14338999
14293535
14449564
15981678
15297027
14740964
14569116
14778701
14347551
14632437


22391830
15925225
15759867
15384877
15597597
14978927
14251790
14370103
14295170
14356655
14277433
14307501
14314914
14367420
14280558
15922175
16008486
15725807
15087329
14651032
15188622
14520672
17713972
15617783
15414460
14421850
14768859
14674020
14465296
14615337
14267352
14910905
14794729
14762283
14233584
14259307
20590350
15723673
14898479
14610231
14344696
14192297
14199076
14293040
14368340
14215894
15335910
14826680
14421265
14360822
14198550
14267648
14547871
14464925
14311708
14311471
14737891
14298638
20570521
15089166
14638948
14336598
14249527
14205802
14191932
14120849
14331570
14324275
14280219
14273062
14240302
14310990
14353035
14385800
14069491
15519637
15082024
14535368
14428058
14381532
21083909
15425889
14507024
14497000
14309817
14471332
14437810
14250979
14493189
14394017
14210312
14285103
14308239
14498418
14817005
14888129
14383143
14115956
14652016
14081728
14491235
14123015
20762996
15728318
14654004
14720997
14417599
14461177
14229443
14302615
14300620
14233403
14288060
14141239
14301785
14365186
14501720
14308950
14288552
14218681
14165322
14218455
14426869
14116334
20652863
15886132
15375070
14952230
14571795
14333794
14074070
14393815
14442484
14116574
14177535
14229480
14506552
14733333
14656335
14523320
14399043
14370732
14567296
14290817
14491464
14449184
14498542
15576610
14814497
14328416
14690207
14332366
14317683
14510450
14241557
14512086
14219310
14349846
14222153
14302068
14268221
14377218
14420556
14487321
14494633
14263910
14360605
14497386
14142447
15491950
15254204
14406424
14533014
14357273
14536097
14204218
14642335
14093426
14352758
14089336
14226736
14183627
14182963
14647861
14299071
14409713
14337529
14261999
14374298
14496011
14357887
15315907
14701895
14168301
14806319
14321060
14176143
14310366
14106508
14230929


