20451650
19685347
18643534
17718953
19174928
18577321
18231834
19277224
18575467
17864712
17771493
19789895
19209184
17747909
17700543
17621769
17658010
17782872
17880732
17764508
17672605
17749249
24366747
18605900
17719679
17785575
17643814
17705270
17835621
17697959
17960036
17878503
17821475
17711270
18302950
17717011
17756831
17734011
17700109
17558510
17865394
17807230
17670642
17796787
17735726
20864212
18499094
17878670
17574848
17599225
17822642
17527043
17632666
18291994
17546974
17660659
17531056
20094803
19911603
18736031
17670070
17825189
17702789
17614150
17898165
17792796
17820931
18139323
17874999
19142673
17791294
17834811
17592447
17632327
17798634
17475188
18011463
17778030
17645531
17658555
20852181
17961550
17754689
17691080
17801195
17545746
17742112
17542636
17472468
17689848
17733388
17778548
21063888
18173596
17788329
17692589
17711631
17688441
17859388
17724717
17707114
17691527
17677039
17603417
20652384
18229787
17522622
18460040
17672400
17745928
17849406
17815058
17689622
17645316
17662034
17694400
20380795
18449611
17648837
17812441
17694777
17699830
17644040
17766508
17564214
17778145
17658398
17667260
17880452
18975907
18253235
17679508
17705833
17547277
17589682
17603804
17795948
17615904
17735301
17558408
17772347
19299382
18146338
17670550
17494951
17587263
17957963
17842595
17772865
17564373
17663457
17736899
17818800
18596800
18092657
17817598
17724307
17683044
17570540
17763667
17667201
17629647
17790251
17604015
17873373
18682689
18136203
17863271
17841088
17714918
17688866
17545908
17794136
17541021
17666331
17965852
17724277
18458910
17844555
17733245
17618891
17595697
17663975
18584479
18204496
17807989
20019024
19110033
17944225
19332085
18204852
17846723
17539168
17724823
17877701
17723345
17710166
17759971
17588730
17672009


20355920
20076996
19900140
19293798
19221214
18146907
17646299
17808602
17614460
17649888
17632471
17549395
17789344
19063130
18682855
17892513
18684188
18782839
18688733
17608994
17768592
17836409
17666656
17425006
17807751
19068350
17639684
17650998
17828645
17804794
17637878
17776001
17503442
17819128
18689824
17636547
17765851
19009466
17633814
17911490
17882366
17821266
17731492
17540424
17668949
17646070
17717378
17657938
17714087
18868207
17538167
17545802
17513458
17648681
17899592
18754170
18284535
17710198
17843033
17820232
17611727
18930541
17646697
17598979
17749994
17724580
17716789
17718883
17668041
17583427
17750173
17596455
17791396
19496735
18005362
17520082
17786855
17601073
17487690
17895486
17433847
17454443
17565565
17561085
17636694
19448281
17963115
17685346
18260415
17773340
17710768
17769217
17795073
17798583
17757218
17769590
17682675
20599837
17686377
17924992
17733505
17611316
17502562
17649258
17724671
17603035
17684742
17724074
17867519
20943294
17652029
17878069
17834328
17693466
17913131
17894066
17845591
17458063
17864393
17682420
17811366
20941327
18135041
17596052
17736595
17800643
17739024
17512143
17712128
17547729
17675030
17675858
17733106
20916079
18219985
17649695
17630215
17667147
17648461
17821705
17777894
17557166
17821090
17718774
17709686
20362000
18602448
17843819
17713705
17694690
17676946
17495032
17661157
17581026
17788728
17658352
17825166
17880300
19138567
18061330
17726369
17605341
17560318
17510715
17844252
17724901
17748946
17842843
17652719
17640566
19251747
17908051
17745250
17608301
17667570
17675434
17810973
17870720
17684441
17882286
17780501
17945732
18742715
17897679
17826969
17697763
17662311
17795274
17743434
17852927
17770306
17836274
17612435
17625230
18901172
18004896
17684686
17800437
17677630
17853754


