178408
29804
45310
27797
24696
37203
65179
61789
52820
31557
31586
31513
13788
46235
5595
20865
9590
39459
5947
12114
11726
11666
11395
21412
15488
9263
54231
11378
9999
12202
21374
13327
8431
12358
13107
3709
34878
10858
8430
7864
8196
8909
18990
10296
46913
29483
26887
21685
26543
30956
25290
7381
16863
7486
9500
7952
11841
9442
7686
7469
8571
14478
2681
5528
27184
6407
8064
1750
19305
16788
7866
8652
9577
5320
1446
9280
15508
15115
6443
6919
12652
1575
3281
10825
9067
53424
6871
9549
10889
10475
9607
2084
12756
8269
7997
5220
4595
8674
26477
7495
24232
3618
11051
5539
9249
14607
5922
15467
10109
3492
10145
10031
4707
7717
9299
6903
17751
6227
8066
5790
4793
11324
36319
2753
9069
3314
4484
2194
7715
4350
1080
9692
3376
5231
2756
4762
1716
11069
3389
3193
3455
4781
2759
3435
16288
3375
21393
4176
3505
3806
2017
6186
3265
3362
3847
3130
1504
1660
21389
3520
1244
8635
3654
3466
1443
7944
6260
4475
5180
3695
3784
8867
4573
8898
6986
3360
8743
3517
3582
2284
6406
2510
2366
5119
3600
9228
3134
3378
4585
3325
4988
10296
10721
5722
7657
4184
3576
2632
1377
4333


59926
17756
6916
33128
10306
7100
10353
25132
44256
8739
25329
14180
10283
21856
9352
8217
9393
12618
12809
8331
12067
3819
11405
38396
12628
13531
8164
10057
10421
8433
18208
14149
36331
34908
18519
26895
22425
23446
12500
34277
32138
13351
6277
16953
18116
9395
10805
7713
23936
16899
9630
14685
8590
6931
21674
18762
9567
4696
26985
9334
12143
7944
12834
8368
6528
29059
13121
13738
4470
21148
13792
3236
28464
9371
35341
3682
29630
8807
8071
13207
10096
11465
9764
5741
15587
7107
5884
7639
5694
9985
5361
8421
6678
6616
8941
2983
19234
6458
4820
11314
7189
5917
6930
2482
20450
7906
7104
6346
7344
6856
5443
2018
20468
2302
15458
7615
4190
15032
8657
6814
8222
5392
5961
4515
13588
5523
5609
6297
4700
4951
4491
1763
13796
4949
1520
11709
3691
10063
5362
5790
4704
5097
7481
5446
3629
8106
1746
12448
6335
4812
4386
18080
4310
2220
10053
3978
6051
4544
5107
4695
4795
4270
6579
5239
6461
5512
6947
5475
6824
4628
4888
7905
5925
5026
6202
4066
16077
4097
5258
16947
5622
5580
4375
4392
4565
5405
8628
11941
7706
7746
6790
6789
3077
5633
4654
4328
8518
11962
7734
4843


