16946
6150
31429
9595
9409
7596
6778
9807
9203
9003
10181
6676
7053
10307
7272
7510
6886
17063
7255
8288
7590
8679
6303
8966
10487
9063
8169
7166
7382
7182
8541
6892
8036
7592
7285
7891
9012
7837
8078
5961
15418
7370
6262
11124
8527
6152
7727
6549
10648
9257
15724
8501
14838
9030
9400
9244
6500
7992
8254
8596
7535
6173
12443
7526
13644
34203
9304
1199
4722
8851
865
6398
2193
2169
2627
2315
1955
2218
2241
1785
910
6169
2106
1891
1974
2214
6525
1921
2047
1400
1490
7160
7917
1579
4113
1097
5488
1335
5277
1763
935
5141
2465
2418
2198
2078
2217
2681
2528
2440
744
6077
2389
2167
2193
1813
2469
982
4421
2073
744
5818
1793
3078
1893
2419
2044
2284
1177
5183
2432
4155
1894
2456
2141
1695
1098
4315
761
4696
1788
2043
1547
2229
1949
1504
5093
2430
1994
3023
763
1674
10098
1793
1937
1713
2009
2422
5157
2198
2006
1750
2765
1714
1945
967
6318
1719
1998
2376
2269
1020
4809
2094
2479
2523
2712
1925
1651
4249
2063
1845
2234
2202
2209
1947
2154
2794
2129
1092
3395
4701
2026
11651
1765
2713
2065
1735
1941
2063


18660
13503
6053
22012
11748
9020
8844
8433
6280
4775
18515
7221
8012
30239
8174
4452
14663
20057
7881
9345
11924
4989
13138
8347
8497
9453
6279
3193
17373
6486
2846
23260
8654
7250
6218
7372
7429
8901
6728
9633
7196
7693
8854
8358
4414
7904
33715
8435
6857
8152
3604
18506
7514
3989
19031
6968
7653
7537
8755
6403
8233
17106
10128
7000
12890
9516
7384
5495
15765
1904
2233
2691
2114
1875
2473
1639
3971
1664
2510
1999
2256
2053
757
5833
1780
1684
1706
3183
1959
2258
2309
1712
2048
2316
2329
1726
2444
2564
4685
2046
1683
2262
8265
1899
1683
1951
2045
1652
1893
3506
1750
969
5516
1421
4688
1983
2833
2114
1845
4024
1801
2064
1697
2039
1112
4655
2071
2144
1829
2313
2000
2360
753
4717
989
3111
6192
1700
2080
2231
1783
1960
2310
2173
3172
1754
1498
4949
905
5499
826
5900
2961
2103
2027
2826
1371
6854
1590
4023
1894
2197
2008
1749
1901
2514
2449
1792
3655
997
4612
2214
2098
2159
2317
925
5336
2047
2066
1999
2505
1857
1868
1984
2547
1921
1806
2042
2654
2232
1948
3048
770
5775
1636
4288
2340
1960
2064
2001


