269135
181358
60560
45565
42841
42011
38220
42644
46232
44405
49435
35819
35923
35038
34149
34048
34340
40261
35010
35338
42142
160139
288122
70123
36769
38188
66163
62712
66853
58715
74754
67364
92385
53005
79843
66321
72637
69917
86414
69460
69528
72192
61664
67197
76982
62136
120524
55316
53505
52792
50972
0
64199
58213
56352
63498
57544
50943
48968
56535
47866
73884
47950
47361
75590
53350
69099
59885
52426
43617
44976
51810
48078
52965
44032
43473
47545
45012
61635
59283
47749
57633
0
61497
64022
82420
0
72106
59491
50539
50430
0
44049
42619
40394
40167
43640
39774
62391
64176
41178
36726
39775
45466
41898
38696
38535
36148
41588
64912
51530
46665
31676
29628
32984
33364
30991
32122
28851
29678
30278
31248
28920
43629
28794
50047
30386
45341
38340
43542
36088
34461
27877
27158
24613
27944
27588
26741
27613
33523
0
0
27121
16936
17589
15967
23140
19004
14944
15540
22247
98167
74680
39801
16196
15976
18920
16199
15821
15731
14597
13457
14959
13292
14513
15458
15168
13081
16332
0
17041
21002
17274
17221
23559
14881
17145
16498
14505
13529
16973
15144
13362
32644
14060
13748
19792
25894
14425
20460
12800
13755
21738
13269
13920
17003
12424
12757
13779
14548


67417
27806
16711
10362
8668
8237
8937
24083
20304
23799
22876
27007
20143
19257
50886
24051
91725
19965
64329
21038
17089
14039
33759
16525
17864
27021
17470
14739
18974
12807
15915
17744
19074
12906
11600
6968
7686
6954
6788
7609
8095
7082
8213
8142
6922
6644
6695
10836
11963
9880
9541
10152
15342
27751
9681
9683
11194
10856
11027
14728
13916
33581
10165
9682
11804
8247
11225
8419
8646
12425
8930
8881
8491
14330
10282
9699
12258
9692
9285
9121
9914
8619
9107
8453
8386
9397
9713
8489
9275
10475
9917
10925
10306
8470
8094
8591
62465
10437
9968
7375
8176
7710
7808
6876
7099
6954
12119
11562
8765
9813
12916
7116
6987
7812
7675
7009
8851
10060
8306
7090
6921
7310
8833
10006
8653
8526
7182
7118
7047
6881
28991
6824
7160
5718
6018
5858
5997
5705
5795
7306
5766
6213
5681
5822
5845
7043
5877
7688
6576
6506
6180
5698
5700
5604
5765
7576
5701
6438
5691
0
6301
5746
5641
5872
5708
5668
6199
5723
0
6130
5709
5564
6852
5598
5461
6481
5742
5738
5603
5697
5795
5603
5660
5798
5699
5622
5664
6291
5805
5692
5961
5577
23928
14100
7564
5650
7533
5510
5533
5610


