12508599
50646
41567
28922
28031
29003
26568
30074
52203
29909
29074
53739
40676
30238
35380
27789
31458
38352
45785
32004
43166
56823
67670
64638
65243
72678
53246
55422
37454
33378
29541
38050
39218
38739
66843
69924
44806
46315
42810
59450
64482
48434
60847
35977
49880
52899
50897
27125
24227
48663
45194
52738
46857
26495
32077
26573
22726
22777
27067
23936
21851
39148
67697
56092
33498
23070
20700
24486
22194
23977
35921
40877
23025
21133
29412
20994
20751
23511
21021
20632
38757
23152
40303
50107
48940
46185
60887
52237
42947
21489
25494
20821
22982
22275
37891
53727
65462
54657
41767
105155
62393
46997
100305
27005
18765
21453
35216
65644
46917
38429
44323
37251
62111
38140
72368
59947
39232
0
34634
39882
36100
27029
42874
35978
23450
16712
13377
13843
32048
32533
47651
38678
59606
14318
12818
14177
24396
32722
31889
39542
29779
25198
32873
60909
26517
23134
13171
12113
12975
12450
11287
11205
15489
10787
11414
12110
33230
24962
16671
11467
11156
10254
12413
10042
13229
12837
16754
21223
28223
24876
22771
21609
26946
29835
23027
15669
48505
28854
20589
13189
18787
23648
23830
20210
19794
19541
24233
21920
22174
19964
20059
21398
32821
23450
23704
21806
20738
22743
19959
19490


103710
85798
60811
53966
50577
132283
54283
50033
52298
53557
57154
48439
48634
46584
53602
48256
47191
51856
45721
46306
45649
50154
46259
46101
78081
48916
58710
47761
46813
98285
51200
180945
52972
46494
48500
146643
110114
77903
84968
86702
39051
38189
46806
64794
38701
33267
36082
40229
70439
128306
63097
56090
53375
47483
55942
122292
72493
57767
54649
48075
113701
49402
45117
47321
51429
54487
67055
44326
43744
48814
68094
50939
51360
58223
29372
27561
23300
33757
24799
24522
26807
26304
23033
29481
27145
33161
26977
29010
0
27450
26599
27644
26680
26824
26553
32784
27473
29761
26895
27265
35644
22976
26899
22365
20431
18851
18891
17355
33029
29068
27507
27442
23673
0
33064
45410
24512
22670
23716
27641
31327
19659
21382
24319
19603
0
21069
19801
23560
19692
26460
21620
19580
20030
25192
24685
45293
21608
20205
23049
16999
49112
25628
16351
21841
20514
19891
48667
30760
23274
15042
12282
13914
12084
13601
14022
14488
20939
14035
14224
14523
14856
18227
16111
14246
15467
14478
15018
15615
20975
14634
14185
13794
33088
19744
16422
13514
12048
12047
19186
12032
13537
14446
15660
14092
17480
14201
182082
30305
15766
0
18810
16503
15015
15675
0
17943
17081
15568
16676


