48012
23088
20282
16755
16264
17204
17363
17876
49015
17544
17959
21912
17079
27758
23320
19438
20472
18152
35967
17587
17988
16931
17012
24968
20839
35098
0
19939
24002
24264
20014
19890
25061
17681
19561
17471
17633
18298
16826
20079
21810
36883
21862
42728
19360
16987
19054
16553
20880
18681
17697
21892
19628
20604
20559
21013
0
21485
16875
18825
17448
34530
146669
34333
35232
39938
37204
43923
21803
16771
17247
24443
21341
17922
17218
16429
16048
16509
19006
20815
16303
16705
19744
17361
93248
18595
32712
14278
13789
13712
19787
29117
14231
19212
18014
20959
15313
13144
14240
18972
13558
13137
13786
12682
22273
13307
25594
22284
39618
41308
11748
12845
12622
20762
13484
38089
10958
0
14431
29431
14077
13737
18049
28003
13478
13635
12612
16175
12585
12729
12503
13461
13412
10981
19175
15312
68747
15073
11542
11991
11302
13511
12213
10899
14368
74632
11299
11256
13885
11759
11201
15322
11295
14980
44685
12120
11732
0
10905
10609
10852
10716
10815
10630
11784
10762
10655
48488
11319
10976
14755
15219
11570
10614
11123
10690
33772
15358
15137
10908
12346
10701
10758
10661
11013
10884
34521
10754
10602
12122
10633
20108
10998
10907
10504
10619
67100
16058
9394
11741


