158371
123049
128993
92690
97819
159744
279151
308443
331781
166100
166043
106857
98905
244680
127770
26426
26321
27378
26983
38559
26935
25871
27350
25015
42232
26703
0
27118
25285
26019
26236
27071
26703
25928
42773
26430
24923
25824
28623
60710
24362
27155
25493
25016
23962
24835
33270
24115
0
26318
26259
24122
25178
40179
24891
25187
24522
24667
25263
24426
34386
25327
59027
33465
26595
25334
41759
0
26436
41584
24771
27274
58007
29939
23586
25931
26132
38804
25178
27417
24848
23925
27750
26475
23501
40564
22951
68115
46718
113173
51519
50087
49021
57070
47342
63114
46703
105797
52336
77998
84722
126695
27194
46748
34331
68656
35096
44359
111212
87265
46420
17229
22496
31202
21758
30737
16330
24125
14560
19531
29759
19377
28819
19434
23350
35612
24492
35984
29788
20134
24461
23345
17845
23599
12727
50882
13088
12542
12178
0
12820
15801
27760
13824
69060
16905
14180
13616
12974
12112
11417
12056
11716
16231
41281
12258
11508
11209
11787
20274
11514
17302
44079
13705
13058
13379
16459
11809
15603
16521
21477
14561
18587
12147
34872
40738
36965
26064
29374
38861
41560
57398
22213
11858
11512
15835
11853
11714
11478
68964
25382
13560
12186
20051
26130
23293
70714
17255
12785
14083


91619
35561
95233
41274
205950
110004
41779
83188
42477
36385
50431
51435
126296
37382
36040
35110
37183
35442
71939
37758
35551
39978
54517
211814
37000
68964
68897
19909
46806
9941
10065
0
11164
15429
10583
10333
10404
10931
10937
39110
10548
15045
10655
10554
14968
10583
14963
56237
10590
18413
10319
10706
10345
10695
62959
10968
10345
10522
10479
25685
10466
0
16390
10368
35625
10382
10493
10434
14843
10247
0
11127
10463
14749
42762
10798
10272
11191
10631
10783
10730
15219
10331
15027
47732
10577
10813
11230
11038
0
10752
10599
10224
15575
10590
42753
15003
10586
14886
10637
10084
10522
9984
10419
10319
10317
40166
10554
11858
11010
10374
15744
10021
10087
10100
10315
10031
33844
61770
9695
9333
9142
9563
13580
8997
8962
14014
35221
9440
14062
13419
9000
10247
18985
10300
38210
23508
9351
13598
9039
8936
9061
7801
34616
9187
8890
10177
8904
18533
10873
65429
9129
9219
9210
13458
9225
8982
9026
10381
26841
9007
9114
8716
8740
13242
10946
8807
8678
10462
9114
77644
12950
13131
12704
15341
15319
26759
116261
15041
13469
12390
20990
16097
17697
12761
9879
40701
9074
18576
9100
10076
9138
10740
9015
9134
9170
36407
9216
8898
9172


