1946338
340377
296860
265977
135086
147560
141876
137872
126579
107144
107739
96436
109752
81339
154662
102946
90695
70847
87428
85904
88139
60470
50867
46390
45390
46539
47054
48377
52416
51301
102966
47475
41358
44757
42528
42200
59665
43511
44178
57292
44188
40658
40744
47865
42010
40631
43388
41802
42747
49973
44359
42408
41831
41216
37978
39661
70422
76071
64329
43257
61883
55147
46641
40752
41995
39300
45287
46095
41066
40907
45372
43044
40327
41025
40734
37993
40131
38551
38745
41957
50032
46606
43059
41414
41799
40045
38904
42784
39436
40064
38490
40652
61770
44434
37931
36118
36843
35135
35213
34367
38722
36910
40251
39796
38054
41754
34682
41538
34467
28985
29087
28160
30781
35184
29626
31006
29782
30914
27592
28674
29227
28517
30203
29931
30328
29806
72244
23489
21664
21176
22695
20106
20392
30504
20082
21846
22297
21869
21442
22261
22072
20015
22049
20483
20702
25002
21327
22650
22350
21847
24140
42043
20718
19597
19779
19313
21046
20738
21438
20959
18685
35351
17816
17929
19300
18795
18838
20783
25424
19068
24175
17545
16887
22703
17336
16923
16775
24135
19928
18496
20481
18755
27963
35018
28731
33649
53599
32174
27449
22972
27006
23540
23662
21850
19947
19498
20208
14113
16159
15718


199047
52776
88630
89230
84851
72165
63178
45907
61442
46417
78254
63859
51481
54522
50664
55980
50873
56863
56012
54092
44350
51326
51319
55320
51197
62180
68825
63782
65241
49516
61186
66740
88837
76519
96099
52399
58149
77370
85476
70612
59800
47720
67919
50807
52622
49981
54514
45536
44276
43295
43664
49576
57494
56114
53106
50632
70819
48785
51006
50047
48870
43604
44133
62419
29860
30842
32603
37403
50906
55842
37849
29345
30729
41856
31302
35143
34231
33562
33250
36266
33500
29288
30160
29555
38640
48764
50538
47987
34919
29741
48355
63139
42098
34328
32631
33229
33520
34677
33208
30095
28686
54035
29964
28388
28227
28932
33743
35605
33254
34323
24445
21907
23630
22068
24376
24791
24652
28457
23725
24923
28820
25276
30192
30659
35320
29632
35660
35387
44866
40744
26977
23243
29242
23146
24375
22153
25808
26965
25257
28320
29564
47895
32366
38903
25817
25271
21631
21786
22589
28208
28862
26118
25814
25969
24543
22573
24795
23549
27649
26569
24738
25186
24741
21642
21897
33227
28849
24636
30224
36118
24396
20171
19699
19938
17625
18618
17366
17427
18078
20588
21328
19626
20443
19403
17202
17610
17765
17170
17272
17529
17006
17595
19226
19788
19478
19268
19068
17477
17094
17471


