428128
433110
234339
128188
128392
122967
171919
125367
192720
213780
203938
175128
357957
315254
139836
113182
230718
322313
346562
174729
124124
118499
175228
123047
130832
230838
298140
193343
319997
140508
112477
122784
195958
125060
134292
167995
82638
207540
88771
129543
148150
84348
119370
88084
83024
81124
96814
81290
73792
125553
79643
146868
117627
101754
179131
182889
131534
84627
258895
85844
74924
149694
82986
76987
62350
59718
60534
86672
58691
54994
72862
63916
93286
64515
77264
57769
56344
56485
61838
59995
58974
58297
59324
61134
57636
63085
96115
77240
176543
137916
127373
117823
114884
122854
110656
111230
112739
112270
120790
96368
95500
92630
95271
95916
88189
93364
93563
75022
130523
57920
86721
59365
82769
180144
61126
107017
90185
59506
80515
124328
55249
73644
93310
81281
77596
90644
56878
65182
100346
40960
36412
34543
36282
23655
22834
28815
63708
19420
40907
18432
28480
16811
16840
18010
33991
18087
20435
17931
55389
16319
16474
19847
17898
18193
16560
16525
18566
17921
17958
18565
64137
18823
18114
20106
16451
36200
16536
18094
19345
17494
18102
18148
52386
21728
16547
16046
18514
18912
22091
17818
18323
17719
16635
16424
54180
18558
18002
18060
18189
18016
18043
15998
16585
17384
19766
21562
65160
16628
16595
18522


155117
99127
124665
88765
86289
87517
94578
91548
409640
96292
93249
95361
96854
106139
64545
64128
59877
63526
68795
61838
237085
53610
51903
54525
58878
59490
70680
62571
62044
70115
63274
56881
243097
63355
61049
67502
57743
121540
63329
64131
66596
61699
63949
63957
185688
44606
44173
43458
47773
48847
43804
51615
48139
46763
47900
52322
146805
45744
40979
43830
44274
43296
50720
46465
41435
42689
44309
47392
140904
29346
28674
27768
29233
27203
25034
27605
26799
26927
27726
39390
26016
35111
79373
34655
39388
36104
36066
33058
33467
31253
28190
97362
22340
21443
23283
21843
21573
20429
19659
19491
21849
21333
21453
54576
22331
21741
21519
19570
19336
22167
46143
23752
22058
23661
22028
54593
25995
20373
19116
21976
21581
23032
21490
19801
33196
21536
23297
70627
22357
21449
22201
21716
21526
19786
19596
19979
21722
21489
22861
61744
21856
22955
19488
30761
32481
35361
34134
22850
42276
34607
23053
106810
20411
25392
35407
22666
22796
22929
36138
40535
24369
19979
32058
92439
22424
24062
21745
19554
20115
34887
19654
17898
18206
18189
17939
55011
18441
16322
16166
16183
18361
18240
18183
17812
17623
20828
16096
48591
16872
16290
17806
17593
19637
18588
19446
25598
21389
18942
16451
71557


