140810
33021
48171
27739
31699
38935
39792
39812
59439
85292
51107
50510
30637
44271
23371
21411
16261
13366
22057
13183
12101
16078
16178
18611
15606
11006
13485
9128
15038
14148
11322
8753
13367
9205
8212
7208
23700
90274
15348
19541
11768
25284
10384
12689
12200
10006
12926
5716
11098
8641
9540
14431
8917
10649
7308
8531
14048
11527
6036
9520
8687
11795
8240
11164
10393
12675
10869
10316
10691
19478
9674
13455
11462
13940
12877
12475
8493
10621
9267
13475
14208
15758
18374
12449
15604
11998
12114
11489
12665
13199
15349
27320
22162
17823
12570
11625
9713
7995
11223
12769
9589
10512
10672
12158
11243
8371
13203
7326
11187
10632
13697
12003
11606
9559
9004
10511
20420
14692
11747
10290
13500
11753
9889
11787
28131
11294
11372
10336
10604
12252
9836
10105
12194
48399
9097
7699
9269
9004
6686
4255
7546
9099
7028
5547
5083
8718
5724
3778
8230
6831
5292
6785
6907
5635
4366
7528
6432
7081
5846
5399
6907
7533
6006
6688
5402
5100
9070
7386
4541
5073
10809
5828
6301
6139
5136
5363
6249
5488
5567
5056
6803
5055
8690
5970
4932
4695
3318
5087
4094
5313
4284
7163
3078
3499
5564
4913
4485
5974
6138
5662


111834
74629
26132
21834
20744
20103
22275
22394
15757
14973
19990
16841
18253
15953
14594
16841
15509
16274
14279
17917
19424
22625
14102
17555
20323
13276
31274
43393
20612
17679
25155
16223
26458
23697
17796
11464
9692
18779
11942
20064
13729
15084
23113
12867
17399
28738
12887
13688
13555
8996
12256
14323
13281
35327
16715
12167
9457
14385
11778
15872
11794
11679
11131
9378
14328
10118
14751
11896
13639
11686
11408
16683
17103
21693
36851
17439
19203
12986
22455
21965
13667
21504
14612
11542
21118
16909
20441
24058
21126
15810
10469
8068
7640
12744
13811
10544
17382
9089
13470
12095
7651
7087
5596
7147
5047
6259
4427
7421
7508
6259
4769
8723
10752
7750
8104
6464
8400
6574
9285
6668
9210
7972
6553
4817
5052
5683
8281
8246
7323
6450
7449
6961
5329
7704
7342
8256
5777
6694
9568
5679
5620
6862
6411
5964
7673
6991
6395
7782
6233
9784
4210
5748
6112
5851
4608
8200
7773
7038
5452
3118
5347
5141
4653
4023
4901
4871
4816
5613
5460
7256
6763
4294
6322
4786
19499
4267
5872
5319
4658
4119
5345
6935
5527
7041
4628
5508
6243
4465
4885
4609
6096
6660
5630
4038
5304
5466
5816
4565
3083
4899


