27019
18564
12235
11117
16368
19581
9047
7266
17589
11836
10008
10349
15611
9443
9624
14028
7760
15001
10977
15341
8589
7437
14502
9551
8826
9755
13256
9395
18200
18101
8791
8816
13019
15461
6937
11149
7333
14473
14577
10703
33930
12645
10199
8743
4186
2143
2376
2869
2098
4789
4241
2020
3057
3892
2731
3049
2032
4380
2170
2709
4838
3606
1999
2840
5086
4090
1710
2304
3728
3190
2471
2175
4199
3634
1878
2909
3844
2129
2585
3635
2473
2561
3935
5019
2513
2758
2004
4138
2433
1918
4462
4439
2576
2032
2121
4367
2478
3030
2863
3594
2438
2149
3812
1875
2026
3749
1901
2270
2643
3911
2625
2474
4205
2181
3178
2856
2322
4558
2291
2264
3695
4242
3003
2054
3641
1639
1911
3699
2397
2205
4139
2186
2840
2443
4106
3567
2976
2410
5887
3785
2956
3752
2955
3510
3087
3732
1765
2234
3173
3069
2417
2204
1782
2919
2296
1798
2404
1886
3020
3600
3699
2318
1718
4315
2686
3403
2296
3702
2980
2277
2388
4783
1697
2226
4548
3900
3033
2977
4666
2700
3041
2455
2621
2757
2373
1955
2628
3164
2298
2143
2889
2236
2423
2864
1788
1936
2767
1965
3272
1854


20934
13243
14385
20990
7868
11410
12281
9184
8492
11567
11099
10627
7514
11937
9554
9396
8192
10684
11934
17375
48649
14917
13379
14671
17526
18813
14514
13051
17568
27443
16950
17179
26586
12566
21117
15569
28975
17427
10975
15708
15376
10444
28220
4723
2658
2832
2905
3972
2815
2455
2643
2609
2996
3577
2221
5152
2455
3603
3169
4443
2909
2914
3291
3199
3218
3525
4497
3188
5789
2054
5375
2287
4142
3182
3843
3456
3272
2916
4866
3258
3141
2815
2601
3496
3367
2899
2525
3570
3242
2264
3611
4247
4783
3689
4766
10065
3758
3311
7804
6382
3298
3601
6170
2500
4070
3665
4493
3480
5312
10301
3453
2286
4886
3705
3394
5285
3858
2971
3615
2477
3101
3655
3275
3783
3863
3476
2391
3233
3040
3874
2629
2783
2982
3270
3251
2295
3108
2676
2788
3012
3022
2085
3277
2441
2331
2859
2998
4021
2901
2010
2997
2479
2873
2503
2217
3528
2872
2059
2729
4130
3046
2644
3000
2734
3076
3407
2819
3385
2911
3706
3262
2934
2517
2680
3368
2011
2493
2916
2807
2080
2952
3159
2970
2764
3338
2436
2950
3353
2595
2609
3166
3197
2557
4017
2435
2025
1974
2893
3149
3502


