2752434
2969916
2711076
2936628
1504337
2405817
957725
1488936
2466425
953824
726904
1161775
1442344
2282594
9097279
674123
671877
696205
763467
636967
1017751
1548105
1615895
546754
1608786
306145
2039408
689400
596217
1182263
551618
1260687
604534
1641644
564198
827341
2350257
571140
1212002
715349
744955
332035
1916818
1109718
675399
623032
660990
1476889
905461
923088
1756009
4753937
324972
1854326
682562
614486
310370
1887445
715967
655870
616518
797401
1511936
3138540
163500
2088698
1076666
391073
1632585
674831
803260
605417
1043362
659868
277149
1872572
523792
1047294
1611690
504550
1287435
798387
618352
586480
1091021
602175
1224715
347519
1224156
1563507
3246375
407696
952530
2564541
512474
1372804
251035
1907259
506171
1378561
958073
581778
1147346
617082
632943
299771
1174345
2926356
388892
1576835
555963
827481
403684
1456889
2167885
4415061
607397
238251
1151354
2183479
1360429
4413512
2323067
3932337
3003860
7176673
399568
1016459
1668560
2358635
1808807
4496092
2314157
165295
1643357
2695371
441184
1439884
622014
1629931
2304032
5036905
614049
481418
1049503
912210
2138790
3992640
584606
329458
732631
2838018
2509328
460520
814085
1968110
2395952
2388206
468561
1281703
623430
534002
590745
525040
851891
3759175
3498836
427712
1604443
593046
895011
599940
655000
548189
2225228
606641
258429
1884149
281542
1681878
1759769
643441
942927
534729
1282433
926570
1152802
1518770
1735006
1499085
453633
904501
2507823
596958
339799
1125987
2638006
598811
577254
893119


6494964
1623692
7645538
8233171
555627
2530752
3186884
1754442
3292416
660639
687404
654468
651477
658419
680215
646694
887795
656849
576428
860379
1755488
921713
793275
4860547
472234
692952
4385363
543609
1665101
1373627
754679
414076
1851130
668690
911020
1473657
406981
546684
2726392
5335584
296318
2309255
387975
1908745
639836
1018248
1455359
1989687
1436759
2398558
887200
1909019
7238930
611705
615818
174550
2123134
376323
989133
835812
2157313
5899874
219283
2042250
535264
639864
2012549
672565
594767
238333
691268
2559370
3636662
660655
651810
350318
1531211
1995640
586559
797500
600145
624595
1616877
2074813
4444614
2026926
514280
1109703
1089027
618366
522286
1255303
957508
1689329
3342675
619495
181361
857047
2466487
4307621
566693
853833
1207880
7278327
1458702
1992130
4444299
696954
579369
894479
589647
475850
1091468
1859188
669139
879472
659463
501187
2506533
576771
759686
979065
1522943
694904
1805820
5178223
641700
627299
838938
485650
1032640
3246579
922686
534229
494529
2597808
626279
281714
1931176
780101
1455569
680338
551996
1087579
201122
2165398
632964
645640
834137
488834
1142556
568224
604223
361599
1769325
3378648
319770
907647
1449040
2716699
4957768
326038
520334
922372
2437500
7227024
698508
299282
1950796
1356700
613293
2451410
1107458
2455515
1968266
3463345
6449168
575476
1105586
1534929
547111
525947
2301896
2761145
692917
752270
1186471
570928
1407536
907176
1799874
3144711
5930370
575933
528646
814270
2477885
1426956
3495105
4793429


