1653632
434424
2308045
735495
756533
4745994
791972
473708
1840165
193864
1554462
2257961
2157115
4024620
503711
484621
3460514
765626
519570
978928
2371685
930428
813657
595235
1467069
360786
1807363
733028
450670
1153639
2598377
731460
666605
212826
748947
2436110
4341467
674566
681991
747088
756556
658666
686309
664962
711158
4085166
1388200
3144252
744247
639554
722408
1935607
1995141
685179
672949
737166
623404
837718
522679
1149284
590590
1059500
640387
835422
650900
338655
933933
2866585
621283
633797
256668
1863516
1040988
461294
1393857
460195
1333670
637402
412460
1584224
639124
571788
970321
628010
587327
992717
1666766
1145652
1375743
443470
1569479
554249
824795
658169
2216318
1200817
5066674
664390
626099
623800
661988
603660
1079176
686609
709413
635824
872079
1196326
625222
559076
805876
1274465
1574309
2713477
411795
1395115
1462300
613125
760350
679222
626156
670355
518047
1187679
637429
648333
685221
2886981
849005
1982761
635510
688426
840475
627164
653555
651377
584469
650500
1822150
459919
745403
2441326
697505
482811
1329421
907986
1243864
692569
730490
606816
573023
1643300
659751
432884
1532411
650246
562107
560776
738203
4309109
577880
532095
1830734
729525
1330106
3372996
9809868
566430
942691
646871
576071
994232
615531
818457
484332
1492620
623721
903682
167236
2111550
570790
1267547
661806
1021660
629799
588854
722065
1382638
620071
586595
581527
1924087
646553
540626
729809
1973127
507966
1281652
594974
915467


1159278
1793393
1369072
574850
1778558
760013
842835
1033657
648374
1079274
736702
597062
717340
2731887
395507
1788578
694357
679185
716824
707534
466771
2069908
651615
899772
519163
931285
1584334
923566
2174923
6078183
681961
419401
1437865
1693489
654862
227339
1958563
1515370
734114
641321
336253
1572895
703637
2997042
2943525
614512
565378
2205048
321696
2065074
406668
775045
1198443
4643773
604497
1215799
633606
767906
619552
352766
1526572
648012
515325
1220719
244283
1920410
649491
540743
1030911
693362
162913
1369812
2868842
608751
625563
594402
970792
613323
419348
1567577
630281
457011
1259259
1225906
2049881
920981
3142243
212106
1773990
1325738
1951937
689400
666565
299075
1754829
579353
1184262
633712
608963
277741
2113410
627706
651417
616750
637887
342335
1776677
245529
1883575
661149
587172
860946
1459166
457630
1181477
4946169
680375
632403
725983
709535
687014
605097
825965
953317
475828
1949846
870403
2041955
4795325
4475428
692097
658238
621281
762005
543604
1105628
677288
642259
679469
619111
598317
720414
3021532
658914
623639
589501
733080
1149381
2042747
595750
870384
564635
1919441
670515
655824
642062
534112
1286121
638981
325717
1618075
1477559
633018
656884
658827
659893
675052
708050
635956
642932
442142
1134525
1653762
687833
1450352
642711
855493
633800
534081
1239937
280671
1073652
2860618
493163
379644
2773183
667807
512966
1275566
519872
1219096
647088
658728
259988
1345092
1242740
3305248
395741
1014949
1658349


