141435
92543
44620
41572
146923
431195
40556
56591
51138
256425
40814
58513
51653
83467
98365
169901
81630
124754
67440
45720
53312
43209
119749
56040
86002
40518
42227
52412
435988
40754
41622
106202
110910
71559
39987
264997
107831
44037
47004
89240
43499
51126
68638
86995
325791
86180
79741
40501
84959
78922
43442
77871
41087
142473
317132
162641
48530
50786
145418
39799
41072
44487
40854
48640
79441
45067
40262
90579
50607
111704
55778
43755
89077
44683
88425
53141
82346
90929
602731
165486
55508
92199
213922
71249
329941
220444
47937
51431
100436
126124
53812
61763
160264
53860
51379
44708
45163
86356
155269
84305
41900
307283
42401
42270
49075
167871
39491
98776
57632
44221
156321
86200
107131
49442
322155
40043
79055
148194
42110
40831
81733
73007
39472
48048
43612
152707
209404
401427
77011
90266
294297
48736
77193
176915
59456
42171
58513
54836
47101
45436
42279
55208
43369
42691
46991
106950
42018
42489
274635
204145
94288
46894
134806
90176
42308
46282
57624
157217
165502
49987
53215
80217
141146
89721
53755
47749
78988
75256
49103
150463
84396
83322
41158
45292
49511
44595
59691
41820
87053
41764
42151
121227
83128
84949
48772
123236
40062
346959
38553
40114
45353
50842
43316
42540
40096
54372
150186
42989
50874
151264


154098
137856
89772
62988
59464
109761
113311
95321
64861
79752
40845
39088
40433
47481
47301
188228
54352
43299
42878
104871
49956
42700
48320
278185
55683
197717
185028
40960
162742
471491
161322
54076
54896
42711
89314
48849
39968
40634
41448
88738
48127
54408
47709
47484
41293
89731
86343
40879
189456
55124
49088
70003
81745
149044
45897
88756
44084
50675
72937
210713
44395
41505
133678
55242
184482
41241
41411
60426
44538
48179
40379
78405
99131
47266
44897
223654
118121
41971
51337
169456
121170
46542
79173
95255
45622
255396
64830
112470
43764
124585
231148
52988
54347
46180
428535
46490
185033
75092
179651
40419
40049
42094
49163
47279
208153
44795
77197
40773
120528
112843
42720
326554
145597
88718
40499
41553
39102
42105
78409
189749
41048
48106
42855
92318
42119
40294
45379
45678
114662
165544
43474
43073
50583
51631
129470
40616
46463
122707
54631
80158
58876
61435
48500
53981
58645
60741
80013
0
97646
48298
49304
106969
45904
42882
48811
54674
47674
42854
153037
123807
264985
53695
46012
172580
152487
76826
40575
39939
87095
41353
42218
363246
114776
50722
41535
40921
245617
81020
40880
155914
39826
113177
47174
51977
39108
40270
38588
39419
119218
43593
38483
50969
116967
46739
40993
75395
57798
52344
51570
180952


