83160
58571
60417
43605
28659
26486
25459
15067
16880
36088
21218
12980
12123
11616
18320
59148
22231
13252
15841
15275
38918
16781
23420
52962
24003
30543
18728
32078
62484
24546
16837
17781
14773
19726
22287
13572
44498
37223
11784
25394
22339
14617
31852
17621
31353
24330
22839
28780
21825
42784
25062
22766
11929
11730
11467
17211
19627
16585
13382
14952
16171
12574
17337
11389
10424
11468
14237
14109
17073
13451
12668
29269
35244
24093
33288
28120
24724
13668
13668
34082
31666
17252
23235
28503
86873
20474
33834
28300
16878
22020
33972
38161
25790
13393
23684
45222
29660
19153
29441
31181
19813
33475
21870
22427
18966
22795
66440
21385
14581
26806
18123
17613
18551
22539
13835
25227
19582
16691
15127
10857
15728
23549
10076
10281
9768
21159
23982
15773
27634
20756
18061
17256
15324
9879
11065
10508
13192
27559
10519
10366
13454
10054
19202
19487
25064
19700
15432
20626
17458
13952
13490
32601
34750
21836
37856
25931
15612
25753
19708
19949
21126
20933
26122
12678
17441
58099
30886
13945
17221
16117
16118
18365
16984
41220
23486
13994
44709
15580
26965
12501
24441
11597
28730
21408
17941
17379
40475
10574
10177
30378
10288
15722
9737
10418
17924
10479
9639
31434
8931
8756


54216
53992
32952
37180
20828
34534
24718
20577
11996
22625
22926
11609
10943
17181
21037
0
38782
12371
12681
14185
29392
14695
10018
22091
36394
16473
11411
15091
18637
17103
13912
11760
61145
18536
15146
34083
29412
23597
22669
29615
18127
13524
12715
11372
11355
13591
18819
10271
10008
15920
15794
17473
10784
15014
15612
28611
18822
19953
35435
12950
13144
10731
15569
34350
33450
12461
14465
13279
11323
26176
26404
26385
32445
14830
19413
119771
20377
27761
34627
24335
95574
52254
34997
18573
29457
30563
51436
46250
34679
20062
26073
26519
22677
18442
23240
37834
30887
30204
15745
16895
22945
23721
27308
23136
20297
25434
19954
15316
22207
17768
11311
11717
12081
41972
14090
11202
15817
27984
20536
12321
25249
24552
12736
12586
10990
22688
10504
12454
30491
10323
10529
15960
17856
13046
10165
22022
10358
18586
19240
16405
18124
22413
16241
24820
27741
12987
38097
26105
39836
13489
12862
78064
28201
31206
26341
28466
18240
28157
29346
24181
16954
17210
24944
29973
16314
15114
23206
26484
24678
29753
27002
24250
21519
45574
40517
26845
24522
14890
27474
30298
0
18698
12339
14762
22560
17470
17250
12799
13842
11875
9696
42696
52889
32599
22983
29794
26165
25669
32581
38595


