75507
24763
107331
89348
35762
113281
102904
89325
104700
88473
114239
92829
108303
99181
333022
98521
130896
118770
98998
109002
139379
124833
70306
102110
114696
81344
86554
107564
83771
115779
91434
101311
86704
83983
103786
124449
40718
105411
36689
39903
100871
47825
34007
36095
28021
91902
30577
85142
33754
60627
39283
95614
37119
39953
31664
95201
40181
36903
33495
35228
21819
23419
27357
43661
29590
21911
23687
28955
18754
29667
24252
19835
31035
23866
25655
30416
32407
27296
46493
23552
26245
38303
19997
65039
28038
30399
25643
32275
30918
26308
19365
28715
20163
17637
36544
13032
15908
11591
14907
14196
11910
21108
46199
32721
13824
41490
15816
11910
13726
17075
19563
19587
27342
15863
19576
22421
20816
23804
9888
17069
18470
9789
13639
12674
17168
10318
9269
9215
8825
9067
11005
11329
17538
9451
8630
9929
15251
8232
14225
11188
10204
18599
10801
16453
10933
25692
11596
11495
9838
9356
23415
14193
27432
17555
23383
21785
10007
14964
14862
12002
13164
9190
13600
29948
15823
13943
16664
21577
16286
11985
13400
13513
19274
13286
36404
17141
21693
30266
21274
14010
13044
14877
15478
14303
12401
11377
12760
11314
9988
15034
9210
19754
12631
10716
12780
17370
8668
8856
11855
15736


32427
13187
9869
19377
16125
10181
9481
10941
27240
20102
57890
31772
30600
12601
21210
9059
17433
29785
10295
9305
9827
8662
8559
9301
11628
18327
9099
7928
8074
8826
21300
13379
12017
9826
15570
12320
11180
9736
8457
16040
8344
22371
159777
20615
15799
11275
11007
11659
10294
23778
11018
11757
22195
13120
26592
13130
8939
10313
11405
9727
9950
9592
9442
24844
12833
8030
11945
9345
9296
25345
22039
19205
22349
16339
18385
16422
15869
21151
14945
15569
17865
18959
20366
17527
14855
14555
12882
22760
16476
15274
12000
36137
27474
21013
19168
19370
14110
23554
12448
13984
12288
20459
10881
10129
9435
11061
11056
9575
8560
12486
8998
9256
10181
12026
13638
9101
15297
8483
8240
8711
8409
8103
9354
35093
12145
14564
22002
13229
10838
9676
11044
10180
10296
12333
14325
9458
11645
19454
11232
13375
18064
24164
10694
9901
9770
29354
20141
20184
26874
48350
11804
22694
23709
24683
13448
9273
69799
19504
18547
25007
17271
11889
11387
21072
29819
14666
12308
18150
25105
23572
19530
15265
21369
11958
11189
12791
9095
11239
14822
11603
9234
12164
8576
9581
10935
9173
11897
26840
21157
15631
11087
25416
10588
15980
10328
9246
9163
11903
8035
8481


