201545
195601
654667
91346
115636
53051
82063
55736
47736
124498
44520
101105
66149
51101
44109
43050
50659
48072
58415
245450
48205
62318
197816
42901
107012
54621
53173
80000
80135
42610
82924
57615
53179
264942
43109
71239
45410
64307
50422
48231
53900
93203
59765
46317
69371
121257
51044
52166
45484
55668
339391
81667
44096
47922
127342
43912
122312
60311
52246
113070
64352
46714
188852
55363
130837
59299
162305
122812
94703
121572
71305
89634
99242
193635
85005
61907
52440
150907
59292
62469
49316
52854
176584
49152
66868
120019
49598
149591
62937
46096
42427
61307
0
48674
134595
42580
172079
334033
148611
347423
43827
43440
43630
64842
140254
85503
43331
49886
51082
45335
44120
46482
42255
244476
42415
129067
42413
118531
85577
74998
50262
50198
48496
208116
49106
43104
57438
145093
57784
80756
52743
48786
45066
59545
53752
45439
53849
96309
71166
49587
66330
53814
79729
90639
124482
42875
53267
143384
64788
97338
44572
110513
154455
55877
59889
156044
47477
84153
43855
46882
47476
42418
81418
46069
75508
164891
51852
41384
41270
189025
82282
44072
47760
102334
43704
80290
46726
42982
39264
108576
116509
58426
174213
42290
125529
101733
47892
107195
66824
155252
55530
46389
55638
86097
56269
0
87961
60656
46184
779007


