7373837
6769672
5408783
3650789
2998145
2255284
2541553
1959804
2021987
1774037
1750481
1779130
1723263
1827807
1905013
1781598
1685566
1772312
1652560
2004546
1721905
1778348
1722380
1837670
1823625
1797399
1733376
1827078
1707956
1756633
1664936
1751591
2128649
1953978
1740500
1760035
1681470
1814892
1680715
1776198
1704282
1787378
1701319
1724909
1637167
1729628
1670188
1792633
1668497
1707869
1624279
1668076
1598167
1702668
1587541
1819609
1588033
1658705
1562314
1672611
1550838
1641775
1605097
1652670
1555856
1640644
5723432
2188979
1757081
1833385
1550030
1653831
1551724
1678476
1553690
1660756
1743470
1918155
1565771
1672955
1561538
1515354
1589529
1511747
1576710
1505016
1582830
1515516
1576820
1530950
1584146
1521955
1601233
1655496
1597066
1516874
1592982
1521077
1590773
1611665
1597193
1514310
1604850
1515136
1609319
1522768
1603557
1553360
1605311
1721326
1608801
1535492
1615203
1532820
1623034
1558451
1633174
1550690
1640410
2823552
3168332
1584655
1691266
1961380
1796106
1715478
1806639
1685947
1801746
1703708
1812007
1678515
1699388
1660484
1749119
1701032
1763008
1667297
1772624
2277951
1823541
1707310
1827968
1715156
1839025
1730948
2041663
1619280
1870039
1651690
1602936
1577513
1514791
1977907
1526592
1575281
1510979
1578987
1525928
1600446
1527904
1575200
1730977
1589932
1569923
1593918
1529258
1594079
1519911
1803214
1570769
1600567
1524481
5838823
1579597
1693691
1526974
1809336
1577422
1607856
1536426
1612409
1537765
2099431
1538801
1628761
1535942
1632512
1541862
1639289
1531682
1640002
1574876
1621681
1539703
1632388
1553829
1644271
1547395
1879350


7207471
7050251
5332919
3649516
2625663
2537640
2303527
2270673
1843396
2166692
1724202
1922172
1714119
1646137
1726564
1671870
1804624
1928808
1785718
1672546
1976375
1680230
1728393
1663287
1740781
1694084
1730647
1671660
1756262
1675786
1765746
1668702
1748794
1665533
1746891
2038467
1825976
1672725
1760843
1620839
1711231
1629691
1743646
1634619
1709926
1581914
1670551
1578949
1661867
1601018
1711772
1543262
1620728
1541737
1707276
1660805
1858074
1831467
1869023
1756258
1859864
1788185
1862656
1769677
1883175
1689309
1830409
1708835
1812426
1709915
1833137
1723191
1827053
1677334
1824682
1706301
1772453
1718715
1766574
1661575
2109555
1621594
1716585
1606620
1553629
1586167
1518317
1630754
1698035
1760555
1719454
1739548
1660032
1772545
1655758
1715933
1605453
1669445
1572334
1706676
1559808
2764368
1684208
1746503
1640546
1736850
1614229
1733571
1828478
1703208
1578596
1717639
1583872
1657585
1524478
1609303
1545731
1612762
1594255
1673913
1535647
1720918
1537678
1621539
2049763
1624861
1531017
1678454
1534517
1688597
1539985
1630628
1592536
1841726
1543677
1686382
1544203
1646874
1649439
1654993
1938401
1660656
1564458
1665380
1553267
1651023
1555279
1664619
1621593
1662031
1564852
1897440
1559692
1791564
1560974
1678207
1700788
1514370
1681150
1507152
1581577
1512549
1598409
1524734
1588463
1502446
1579022
1521073
1593977
1516788
1594291
1518342
1930593
1514998
1590450
1521813
1595350
1530957
1927939
1530838
1628514
1519177
1614828
1526830
1615996
1538897
1619716
1577355
1637262
1533929
1621274
1540856
1625858
1538609
1627568
2435487
1798158
1671852
1807558
1583133


