5829511
3628022
3313550
3146980
3082638
2764149
2118945
2349995
2131443
2259733
1953262
2243349
1972493
2363492
1953903
2264049
2022153
2461108
2042554
2247386
2037276
2241653
1977512
2103947
2333152
2137173
2161727
1954255
2184901
1993564
2192409
1905168
2182123
1926072
2217900
1882370
2700525
2007255
2338185
1949028
2250884
2420476
2296731
2113413
1962253
2065876
1886746
2140203
1890890
2152264
1850807
2106832
1819757
2058341
1916018
2120944
1919019
2147128
1844041
2221812
1812650
2103153
1912317
1959752
1964375
1691325
1922242
1741046
1957600
1763222
1949942
1717350
1942959
1702702
1992577
1729696
2053703
1727804
2025066
1745422
2088843
1785206
2054231
1800935
2042839
1903885
1691197
1956084
1720753
1964514
1753623
1981360
1756218
2071019
1805949
2029945
1751319
2168913
1745494
2084856
1778452
2053098
1826583
2066465
1835013
1914635
1861492
1717081
1941018
1728064
1939887
1740917
1968304
1767823
1963521
1731839
2027276
1734645
2102964
1745273
2103704
1978379
2035282
1818119
2139664
1822014
1751234
1936488
1701368
1920938
1787306
3333113
1943584
2162939
1906279
2205409
1829430
2060942
1877792
2548215
1877027
2189854
1987071
2200189
1844091
2014045
1865158
1684185
1896207
1729736
1932949
1733087
1978062
1845383
2034504
1777310
2004164
1728669
2041636
1767882
2062455
1820418
2226435
1831128
2093537
1802782
1939897
1976667
1767075
1986778
1742284
1964236
1723929
1948221
1758281
1994194
1704070
2024576
1759047
2054569
1733700
2079510
2104832
2139382
1841535
2044786
1800149
1798174
1884736
1704605
1940153
1709588
1959420
1724968
1974733
1735779
2012345
1999103
2044717
1742905


9841429
8636954
5226010
3476711
3174465
2571999
2269591
2146256
1902339
2092128
1950522
2429262
1945418
2149766
1894925
2340313
1929164
2263953
1898697
2261895
1834873
2228970
2030426
2229136
2244737
2213096
1980914
1921197
2047195
1779152
1971502
2019254
2114955
1835956
2209552
1892506
1996110
1746674
2031694
1746460
2044332
1739584
2128880
1782262
2063214
2018509
2003180
1833569
1708158
1866032
1729589
1916821
1739153
1931598
1812316
2031347
1712879
2012432
1738784
2021218
1785144
2052646
1752172
2041104
1781122
2082382
1801117
1930640
1842121
1716186
1898967
1723366
1946841
1737055
2064369
1707380
1983449
1724397
2103963
1732686
2060647
1751530
2044439
1757061
2093899
1763139
2004441
1783150
1876540
1836304
1704805
1862576
1696580
2002282
1795676
1975623
2085150
2084126
1791066
2084849
1791933
2169482
1765580
2128572
5623781
2163047
1868685
2087295
1872596
1821594
2209730
2674963
1992279
1860336
2028791
1773441
2017618
1720198
2030627
1742342
2027775
1740785
2098890
1736170
2077183
1755249
2016133
1797111
2015560
1810542
1675317
2212457
1717756
2044577
1762860
3132918
1817156
2122815
1795853
2048700
1858564
2041304
1796570
2499784
1843782
2213374
1760780
2103887
1783949
1985820
1880981
1672469
1935172
1781600
1951601
1698584
1952936
1954209
1990433
1699840
2043603
1727535
2013564
1834337
2066833
1745367
2124427
1814504
2050343
1789548
1960972
1810730
1896474
1924248
1706122
1920163
1778013
1941935
1800949
2058601
1718971
1958134
1708638
1989497
1746462
2044367
2306411
2091184
1757238
2007036
1798217
1873049
1824197
2145996
1906601
1679271
1943538
1709149
1957216
1792839


