1089404
1061160
1107155
986686
1025724
1024397
984981
994030
980298
1002277
907493
946905
910656
890975
860215
884058
873201
888679
879496
841117
857657
835164
864631
907876
888683
885649
1038822
856896
883878
949582
905368
873355
905240
977006
930585
1041826
1041097
955681
990941
936813
1005843
933286
961100
963243
890661
940902
897140
959960
944577
892874
1157639
909326
888726
876424
849428
851235
866169
891379
896615
869714
871483
849064
808292
828351
801468
859512
854747
845512
839115
807725
797620
791809
851813
820217
792454
939359
925330
873523
904080
878347
900959
907782
841717
858083
847353
901295
886430
868735
808090
836645
869916
850039
850831
869343
880392
852586
822614
802894
812179
826813
829400
822704
834659
823855
801389
817556
790070
845283
842985
830705
792801
867811
824679
828328
774729
828984
820479
778724
827338
953359
895455
954926
922991
949127
909424
925832
899652
946453
943384
881585
867118
894533
914460
893709
889649
881974
817534
883826
822141
834343
858439
879960
817342
797557
794882
800866
810877
833597
832390
795740
857538
778034
822754
798238
877519
815561
830823
959210
816543
819077
846747
847176
832547
837992
797517
905580
949218
943069
965218
875461
913005
877642
867780
870750
948288
892301
866806
931364
915285
907384
859662
847002
857447
827028
819054
802933
868773
862701
891764
851200
823865
776549
800390
879974
768547
845319
828491
785251
831393
758672


982745
934628
921550
943735
929355
911156
944508
899579
1069141
950506
1050360
1011706
984994
983026
995671
971030
1000319
1176691
983199
972162
949952
931331
909122
948258
918905
916813
950930
933593
937368
936598
856020
980821
840747
854087
808121
869722
865552
877251
840569
889169
894406
890518
758691
850572
886170
839323
845618
1009062
983852
933085
945791
906176
812739
857671
880766
912982
859614
886726
923768
893665
862095
869221
859025
790276
821808
842259
848908
837458
852609
806484
814224
860070
832862
785135
799415
800985
821640
837002
825611
789038
795136
803390
829882
828157
819696
972302
900772
906259
877935
866491
837422
915860
927105
866296
835714
856321
839951
878158
850940
859173
872637
853520
840002
833597
850812
846468
818849
769914
765833
842919
806622
818354
816010
795834
836353
802846
812418
760837
830509
841627
844897
842237
809503
795560
915064
889847
938969
915510
874713
906263
876048
882931
870682
916068
820034
881105
839932
884568
816205
867951
780363
794330
784504
850236
755745
818049
800673
839573
806386
817101
840329
803679
829475
818210
775201
817197
806582
814857
833530
798806
936954
864369
3943996
891483
908980
914056
924782
855525
899989
879662
811524
793866
841011
870149
769084
846524
845009
812636
830719
829608
826335
798748
811733
830194
806050
849749
796541
768583
863531
807208
826279
773923
794791
846504
812961
798955
928872
889122
883291
957116


