4134124
4331398
4123224
2382959
1886929
1573962
1258939
1214468
1126841
959741
1048273
954096
1012294
1015577
988260
950742
1039216
1057024
946241
1051726
948253
1050864
1058539
966962
1097779
1159868
1016607
1054613
1058280
1058996
1133794
1061104
995691
1103126
1097677
978084
1106394
1220139
1044225
1144384
1071773
997495
1115835
1049101
934807
1114481
967295
979635
1007024
977145
934799
1073957
997501
932912
1087699
974120
1005453
1029287
920465
927598
999260
978932
937711
986800
959787
881651
945828
885163
1011776
955718
887471
931791
972123
897310
906531
961376
907283
1199576
969900
957435
1068546
974319
940165
1101201
1044912
917015
922962
943685
938302
884632
981997
884399
1019226
1006694
931297
992248
949726
967286
1070068
1009162
985883
1027600
1013848
1022548
1022573
992148
963639
1024837
1009276
1347387
1213682
1099270
1018830
1118566
1090681
994840
1129174
1079140
1012369
1134447
1009680
1000610
1139713
1072686
972535
1065119
996513
942293
980834
964086
899401
1039576
920331
937823
920309
945573
929079
963682
912202
936337
990716
1013732
907443
918403
896871
914168
1016272
911290
896898
922872
940998
1083366
980651
983252
1000029
990035
924540
913958
946458
941854
1052186
959816
895246
984697
1111156
917444
1019506
1000356
902193
966139
1008482
879393
1025883
969970
882680
1081213
962299
937980
996417
983395
917991
1000650
918826
923822
987534
944303
925110
1412635
966533
937314
982711
958455
899880
996281
918219
913704
1002131
912253
904569
1008411


4325656
3913861
3000466
2037370
1533051
1490487
1458395
1126422
1262974
5381255
1010211
1156824
1066417
1039779
1089624
991667
1008060
2063245
1126438
981701
1022570
1063677
946884
1135084
1055928
997946
1089068
1110689
1011342
2097538
1094958
1070328
1112436
1126065
1188306
1111469
1055577
1037860
1097127
1051456
933541
1036498
1015352
1037068
1041317
1100658
986984
1110960
1006435
981830
1056192
988926
953513
1056813
982643
917160
923086
918568
919442
1015368
938088
909629
999542
917943
922685
937691
921438
874911
1020812
942122
900473
971616
900571
865784
1007865
884880
954110
995176
904735
1060537
1006024
883429
1051909
979557
948050
886823
948170
878983
994134
969175
956798
1060519
946193
962525
984066
920367
916205
995471
874391
948034
1003096
944167
932296
1003729
936977
928053
1025370
925091
947625
1166469
967637
948991
957641
987230
1035812
992760
962223
912914
997278
876456
937987
972049
927771
892668
959297
868197
959813
1057388
916154
898938
931632
980527
935381
985491
925993
974411
1013963
930820
896410
1005359
922770
897073
972356
965871
907248
996962
971931
942083
978640
974620
890968
1028783
943003
895032
1015944
933974
936450
1024379
911019
916185
1076659
998360
940017
1028125
925388
936012
984961
925399
874025
963032
957635
887687
987243
927519
892075
1084233
1052470
845876
1008876
927123
914851
1038200
927630
911414
1052895
949117
906411
977844
931837
842416
954206
948001
851931
1020496
901536
961519
989858
950865
1301093
1031864


