71662
12649
12031
18005
25515
35130
8089
22233
17137
6652
21888
5197
32871
35965
14356
14157
9165
10863
26240
30213
47756
32240
31654
34727
19308
81447
9792
64495
42186
25855
51822
27679
12592
60445
11041
3323
23980
9189
9244
12926
14294
19135
3698
8164
26294
45632
5855
18556
4355
14786
7701
10972
15096
15238
19033
23007
57208
23201
43465
50037
160042
3017
12579
9339
28399
33973
19484
24152
49435
47564
25709
86141
7358
7160
24278
8958
3458
18944
10717
20571
5647
9221
10784
12378
20506
31859
18902
27358
32932
21131
32392
39389
59597
10012
9547
4383
9989
24825
29029
28764
18167
20291
23420
37492
27986
41648
42292
24382
33114
53881
26666
137096
7322
11772
7023
17354
16209
32273
32989
17958
9559
7630
3611
18036
1928
1796
10022
1133
3932
5720
5120
3830
7172
3496
8815
7113
10761
17059
2109
2800
2573
4978
3896
4475
7405
4602
8191
14309
2544
2241
3587
4745
12793
3757
9716
5630
12754
8962
14124
4858
15873
9707
28251
20550
14379
4917
9281
20739
11240
12670
14811
22705
35287
18005
36487
4843
1140
7379
6930
3130
7276
7991
3142
4472
3392
3892
6746
14405
7858
31659
2939
5182
6032
7933
1264
6521
3793
7941
16030
2647


10537
30144
10304
6666
27525
61088
18448
7818
6888
14274
6659
50028
6248
17399
9573
15383
19453
17905
16019
12896
16765
24401
21583
31107
24760
36206
27158
20697
42064
47287
18735
43098
64983
38401
38903
9987
3597
22876
1067
5251
2058
1149
11519
2498
1443
3987
3763
11920
2096
4307
5462
4233
5429
4014
9816
9517
11050
6643
13212
10265
12141
9564
12039
9713
7541
32292
2092
2888
1981
5921
4944
3622
4586
10393
8255
2585
3470
5632
10469
14467
7629
6952
22041
16416
22786
32655
2628
2807
3150
2483
4202
4075
2429
5315
7132
3892
5817
3776
7105
5743
12781
5972
10432
10725
4668
9485
12826
10252
8142
18401
13203
9938
37881
1709
1463
4202
4650
2870
10648
11694
4441
7853
5676
7531
13666
6703
6250
10407
9993
27181
3941
5384
872
7342
8447
2749
2673
3028
9236
7195
6183
12259
13556
11982
9108
14840
12163
18052
18561
12782
20630
8677
51213
4007
3486
1580
8042
1954
2848
12277
9375
5886
8343
5005
39491
3761
4228
4405
5623
5076
8511
14859
3168
6516
6922
4656
5721
3749
6559
1830
6120
6508
7520
3861
2250
6544
11164
9933
12489
6230
14892
11813
31335
19739
14892
11303
24440
19790
18500
29172


