31078
14718
23303
37483
38853
22925
37967
19962
47218
39232
35964
167678
73837
38436
91362
101090
63714
87663
80851
91481
112431
107393
52978
61103
34397
50673
86199
55617
49967
70370
32936
26220
39595
52598
52989
61759
22623
80878
49470
128947
99313
54486
91461
37094
62073
79510
67076
45589
64389
90745
110704
32804
66752
98572
141262
44691
114271
92199
87418
160041
32155
38670
49422
42861
58399
215574
120266
170957
144485
135655
142954
138517
102944
101946
146783
144440
44506
49970
93876
38686
40903
45843
40499
35981
23199
27518
34812
44022
75690
50499
63832
4900834
4832
2943
7374
3408
11566
2254
4489
8759
2602
2613
3355
6624
3091
8526
6413
6930
9391
7372
14149
6680
11236
6489
13994
3417
6986
9349
3246
3276
4248
1463
9941
1944
4086
1471
6854
6617
9369
5324
6728
4094
5359
1634
6582
7091
6814
8225
13081
14087
3850
11669
7259
17346
25807
4999
8336
11076
10491
13332
11362
11439
8244
9193
8005
4391
19245
4537
51696
3424
3615
6837
2607
5900
724
5730
3245
3403
11035
2530
19162
9510
9583
11608
28716
5340
3994
3507
3123
3471
10523
8085
7635
5468
9147
6825
6493
4698
14501
13640
9339
5926
18439
8155
8097
5217
20370
2392
5052
3141


11846
1446
7333
9558
8362
12368
3112
11334
1622
11027
7840
10318
13609
13319
17416
9704
8297
3288
7825
26637
15056
9860
3423
3926
5926
9620
8140
26633
19520
79010
3827
2735
4842
6509
8178
14104
3200
2392
3672
6314
12430
1085
5712
6410
1102
3547
6848
6336
8644
5298
2941
14090
3875
11550
21306
19233
71741
7998
22877
46437
4834
1820
3005
15241
10116
11278
18808
11936
16964
4293
6381
5096
14114
16273
23572
20180
22446
17375
15222
11422
21006
9278
20685
37862
19792
41816
11514
26608
49879
43112
18971
26263
19878
12846
10854
26652
8539
17906
29715
8447
29845
17109
29867
11378
14423
9074
13718
37675
26342
19982
30382
44764
34734
25508
33009
54143
33333
35475
22226
54580
32533
14338
17321
22128
26856
35976
30332
241657
3255
2044
4075
5139
2951
6203
5575
6393
2485
13742
2755
3769
2778
2432
4453
7537
10829
6819
10546
6618
17947
5547
12070
9493
18819
6117
2616
7836
31977
1935
4249
5031
2424
5398
4928
6547
6121
4011
4493
15339
19554
10640
8319
5393
5652
16148
4898
23842
23655
8910
16938
14520
8314
21150
24039
21281
32933
23059
32957
27978
24970
43746
48794
10845
48421
42644
40353
28091
40106
18873
16938
41405


