118577
70035
22142
18007
17625
19185
22495
30524
0
28444
16028
19647
15469
0
18277
14888
0
22299
16038
21531
21904
19920
19284
21005
21035
19422
20286
22328
22973
21098
20887
21342
20567
0
17918
21229
21222
19593
20026
20823
22596
0
16899
15867
26093
16609
20391
21692
19793
19343
25245
22269
15322
20612
0
17677
20592
20059
0
16583
15558
0
17336
24672
24640
23712
29846
22018
24909
0
25089
19625
26090
22008
22600
21076
23008
0
22302
20073
19640
21294
20348
21819
21222
26114
23667
26742
29798
30673
23185
20350
20819
16352
42341
4201
3564
4194
5512
0
0
4364
5039
4225
5138
3979
6096
5454
5189
5273
0
4553
5289
0
5182
6054
5309
5443
5024
4992
4614
5430
6505
5581
6609
6485
5924
4706
5259
0
0
6070
6285
9165
6497
6912
7506
8021
9201
0
5607
0
5254
10429
6627
0
5561
6475
4645
0
5785
4074
5848
6263
6979
5444
5147
5792
5138
5836
6106
6741
5836
4893
8057
5872
5081
5732
6348
5894
4627
6182
6849
5829
6057
6229
6739
6831
0
5952
7218
4947
64647
7627
8121
8246
0
8050
5484
9038
8215
7962
7581
6950
13600
4857
7057
5939
6674
5744


21804
5253
4101
6173
4953
4717
3676
7792
0
6204
5419
0
7955
6787
5720
5940
4404
8578
5497
3861
0
5818
6586
0
6249
6457
0
6636
4220
11954
4355
6109
6637
3503
0
5550
3913
7256
3858
5674
6722
0
7125
6547
6445
6803
3826
0
5498
3978
5178
6334
5869
6290
6671
3522
5083
6527
5477
5849
5704
4082
5807
5907
8866
7652
3482
6049
4187
6644
4803
6910
7988
5201
0
6830
0
0
0
9596
6342
7300
4527
4213
7826
7256
4406
5629
0
8543
4570
7259
5739
7027
4463
6116
7014
7832
5002
6686
0
7627
5302
6195
0
6655
7848
6557
7069
33588
15881
9436
9085
6438
7675
4791
7516
0
6872
4119
7155
6314
3816
4610
32357
8628
6238
7793
5617
4071
5893
5469
4388
7498
6599
7493
3969
7544
4576
5162
6613
6549
7705
0
0
6941
6680
5168
7613
11175
5240
4843
7429
4502
6288
4754
3246
4405
3837
4380
6217
5642
7013
3847
0
6043
3291
3625
7248
7290
5435
4833
5874
10584
0
0
6173
7313
6999
6602
3869
3977
5052
3736
6708
6277
3807
6160
3747
0
5609
5598
5134
5508
5886
5881
6564
0
6631
5614


