99189
34064
73644
131396
100381
32661
45909
28672
23792
30852
29552
42917
32643
35721
29514
25183
56590
25546
21759
30305
61526
24716
26299
22558
23935
24147
22308
0
147813
71847
107053
49292
39452
113609
89335
88129
78543
0
39018
123589
0
92668
174002
0
89768
231564
203264
155712
51464
52393
45642
29413
73158
42615
73441
22951
35770
40107
24314
30264
45718
37556
22648
48655
23510
0
26159
23228
35114
39480
21184
23894
44381
32887
37421
23491
63605
62458
32947
29291
45292
46838
52782
122937
90698
132626
94728
53795
135891
52114
58340
99813
49668
45736
0
85902
68534
0
50966
50659
56816
65334
91350
54467
85744
44255
52991
0
59875
49567
44363
283268
198758
50838
312002
0
97827
0
98287
67095
0
72104
0
139756
76576
120333
49423
64316
68040
54658
57240
27402
0
39462
20659
19825
34145
20678
40867
0
29757
53647
90569
47780
79652
0
0
104075
115146
46606
44660
52400
45592
46959
40349
104517
64447
53596
55173
45913
71395
39681
113800
219234
72509
61570
60504
88297
38266
60611
112867
70004
26656
19032
53589
22254
44878
31283
56316
61439
55914
63023
18947
35064
22094
0
30275
0
37070
32462
57168
21807
38715
21500
20763
11950
37932
32094
41408
23920


