80620
0
36398
36973
0
22932
30767
0
25949
20421
56017
23996
0
21906
27338
18761
16833
0
18268
32307
19733
20705
36913
27676
0
19217
164607
24842
24287
19329
18680
19976
18721
0
22262
19268
23335
19441
19884
19582
0
18709
73951
17853
16332
14900
23439
20989
15302
17771
21586
23246
25948
25689
17549
19785
25498
19149
19481
28372
23126
39409
18275
61271
27179
34538
22996
0
27410
20596
39695
19983
31125
15263
21946
22554
18827
20315
21217
19203
22105
20437
0
22074
19703
19171
28188
22187
19649
20000
29456
20752
45149
48002
62039
37644
171002
46715
43783
35936
32077
44536
44136
16781
13890
11421
0
10240
14134
11097
0
13576
10967
13793
12374
17026
16653
0
17009
12340
18756
0
16996
16601
0
19110
19754
24261
21084
19828
49967
67015
23039
24059
19682
31884
19560
25819
20676
0
20806
16557
28152
17151
19397
21994
19662
24951
23123
18511
53065
26328
21353
0
17393
24192
20896
39398
18978
19821
20608
18861
18911
20608
19564
0
43019
20802
18841
21133
19166
21221
18877
28815
21122
31295
21096
26198
22796
0
29371
31816
27518
33393
22438
0
30913
19026
24984
14062
16297
17504
11181
11552
10923
14237
12808
15690
0
11589


278366
46080
16664
40312
20888
29063
19703
22070
36528
18998
15758
34023
16435
0
16054
19783
26820
49114
26030
31989
22005
21523
22077
30204
24354
21446
24299
32279
22530
22892
23603
37236
27012
17494
14152
13051
13157
8879
19366
17898
15577
0
15868
12886
16771
19785
22163
14566
12027
12861
15613
13067
12633
21210
19998
30551
20756
12856
15363
14812
20977
15507
0
0
12334
13302
0
13164
16787
18952
12724
10518
22786
13487
17411
14064
15455
12714
13791
12832
19157
15037
16162
0
12166
20655
19146
18023
22838
15608
13619
12459
13755
28445
20207
13948
16286
15868
13414
14085
0
12099
12175
9034
15520
13140
13245
0
0
30179
15660
15452
17517
14887
13897
13512
36368
17120
30552
4895
3432
0
4167
4929
4793
6968
4628
4664
3204
3616
5246
5403
4550
4298
4684
4103
3381
3994
5514
4673
5732
4656
4090
5198
4366
4695
0
4253
8906
5448
4659
7577
4404
5234
7258
4840
5431
7440
4253
5479
7899
4349
2930
3705
3815
3218
5772
3643
4824
5020
4632
4257
4893
5513
5551
3326
6183
4831
6757
4328
5723
4460
2994
0
4163
4314
4945
4781
5941
5924
4178
3516
5203
0
4239
0
4221
7635
0
5210


