70925
91869
28060
41351
22154
29360
14324
0
14772
0
18873
13316
22092
19681
21454
21160
18307
34834
0
19107
34824
17993
0
17367
0
14598
19038
0
19497
17591
17340
20804
16330
26138
17221
17239
51375
17416
24518
29875
22742
16980
17247
19528
17018
23069
19755
17327
17644
26380
26566
18746
32906
22953
0
16680
17553
27189
24449
17568
16666
23051
20186
17319
0
22301
0
13685
16750
17571
17694
43260
15641
17214
33777
16990
35821
22653
19138
16582
17142
20110
27833
16806
24200
0
19642
30257
26986
17301
19350
5770
5835
5299
6589
5329
5799
6158
6421
4963
4808
6740
10343
4986
4878
5427
4860
4962
4904
11420
8266
6028
10863
4880
6606
5097
7448
5572
6718
5484
4867
5830
5043
5070
7844
10170
6372
5544
5082
9758
5206
6364
4830
6478
5435
5536
0
9989
5716
6588
6269
5141
7318
5541
5384
5104
7687
4386
0
0
7303
13889
6252
0
6609
6095
6903
8201
6288
5355
6794
5713
5191
9244
0
9818
4586
4754
7812
4919
4984
5091
0
9745
6635
7174
7322
5087
9449
5090
5022
6922
6882
10427
8693
5625
6456
4933
6577
10531
9383
0
5433
4760
5487
0
4697
4791
0
4261


42354
0
14541
19896
31131
26529
0
24917
0
17652
19348
21933
17047
19287
70168
13523
12173
21436
17754
19064
0
32276
18375
26388
27412
21322
20076
30725
18723
19418
16863
19422
0
15786
13242
40138
17488
21066
16573
17362
0
20895
23243
17543
16799
34823
0
0
18399
23012
16686
19228
0
13484
21240
38235
28080
24053
20466
22385
21051
17008
22948
21307
17256
24102
21399
31615
17915
16432
29267
19337
34875
14578
15768
0
14717
14456
17889
19074
27133
16925
15237
0
15909
19891
18304
18263
36356
23602
11954
0
9501
5283
11493
5588
9916
11425
6737
6467
8650
4691
4769
5133
6348
6404
5037
5305
11005
8565
0
6854
5532
6027
8738
5616
8327
7609
4837
6647
4666
5588
5148
6537
8016
5091
6877
5291
6679
5280
5960
4306
5545
7912
7253
7137
5857
5315
5270
4892
5177
8870
4857
0
5440
8451
0
0
6067
6461
9287
7590
4778
7155
7138
0
5698
6078
5016
5673
5732
15358
5521
0
0
4390
0
11768
7123
0
13139
4951
0
4480
7015
0
4535
5450
0
7911
5104
8333
5152
5590
11996
5456
4674
5574
5251
4734
9124
5755
5934
5061
5262
6630
0
5052
6447
5175


