161065
41344
43007
39406
57081
35901
41502
30922
40376
36763
42160
35436
42158
37246
50950
37168
40834
37504
41304
32372
40988
32313
42637
36812
60693
34523
41613
37070
40876
34811
42194
23533
26151
22628
31440
21230
25845
48222
28706
22387
25630
21747
27610
21684
29576
21329
25830
20815
26382
21190
25596
19471
25875
20927
29151
20447
25577
22644
25260
20702
25600
21141
25418
20908
30073
21305
24701
34950
25309
26204
26003
26218
27149
21189
30620
25604
25834
21398
28571
23756
30783
20173
26823
20649
31403
21048
26463
21450
25823
65877
25970
21499
27409
21445
30271
20972
25778
21329
25121
21441
25475
21410
24662
20955
29661
20879
25667
20958
26815
21626
26485
21589
25401
20626
29557
20835
26133
20808
25172
20300
24900
20676
27111
20070
30459
25321
26126
20792
25479
19748
25690
30927
24972
57591
31687
20902
26645
20409
26188
20669
25559
26028
26011
26352
29661
24903
25280
20107
25931
20590
26132
21422
24996
25797
29474
20918
25513
20707
25248
28267
26996
25565
25237
26754
29240
25896
25143
25675
26627
27395
25243
25553
26440
26612
28928
26334
26263
25860
25398
26858
25638
25943
25320
26340
28950
25978
25523
25892
24963
26097
25738
25513
24609
25393
29894
25172
24977
25553
26472
24776


34275
32829
25963
29353
25523
28119
23073
27020
23535
26437
22645
27274
20224
26064
33459
34825
22112
26554
265302
13533
11185
14642
14261
15316
13902
12843
14851
12998
14628
12787
17806
12899
12009
14037
11110
13233
12029
12597
11380
13265
10988
13936
11725
13490
11749
12806
10380
13548
11332
13403
11248
13470
10864
13528
11414
14419
10885
13634
16100
13254
14084
14469
13789
14102
13637
13854
14363
13702
20012
13537
13558
13412
13533
13653
13217
13493
14305
13574
16547
13529
13155
14530
21257
14044
14245
13921
14789
15927
23708
14272
14922
14309
14753
13663
13893
13862
13006
13350
14546
13178
13197
13593
14115
14054
13661
13963
13230
13727
15942
13286
11015
13393
11232
14023
11729
13266
11312
13990
11677
13127
10859
14177
15812
13478
13482
13764
13533
13647
13604
13215
14310
13954
13631
13926
14090
13271
13589
14023
13835
14185
13202
13805
13718
13907
10399
13469
10773
80629
12330
13092
11989
13844
11153
13815
12106
13984
11304
14206
11991
13898
11525
14275
10974
13804
11108
13481
11883
13433
11853
13701
11021
13994
11949
13382
11241
14019
11524
13446
11015
14605
11823
13597
11853
13403
10936
13308
11902
13655
11091
13677
10967
13441
11555
13119
11281
13032
11058
12570
15610
13289


