82278
26118
30398
43272
37209
41434
45089
44379
66377
35259
39840
43395
34120
43406
43109
37217
44459
39368
34739
50948
41896
34472
96984
38503
43864
43634
37650
43595
43457
35732
42122
74583
35818
43644
43313
36083
41121
41494
36703
42793
44851
33488
43274
50151
36174
42448
41567
37218
47900
47416
36184
42175
42042
35041
45888
42777
35742
42240
43271
36544
43325
41332
35357
44949
42510
9272
15078
12123
9728
11807
9746
11909
11872
10065
11329
11511
9757
11540
12587
9144
11915
12411
12564
12039
12083
10124
12521
11326
9397
11475
11874
9623
11809
11706
9805
11650
11530
9809
11485
14337
10365
12407
11739
9873
12138
10089
12325
12279
10313
11505
18236
10443
11399
14786
10259
11612
11989
10272
12111
11940
10442
14026
13689
9466
12149
12105
10237
12292
12448
10151
12582
11918
10137
11916
12206
12055
12280
9800
12792
11905
10694
12702
12623
10030
12607
12077
10350
12637
12428
10295
11829
11898
9828
12119
12325
10504
12457
12299
9769
12082
14687
10059
11964
12318
10706
12084
14116
10566
12293
12139
9570
11974
12398
10672
12524
12270
10528
16992
11934
10664
12532
13390
10232
12182
12156
10488
12417
12473
9770
12212
12475
9431
12672
12443
10059
12489
12240
10493
13689
10486


39055
27100
25474
29872
23729
40563
41802
22101
26458
21987
27410
27727
20975
27310
26973
21774
27234
25454
22116
26619
25715
20834
26821
25940
19977
24661
26937
20667
30403
25429
20117
26578
35121
28523
35879
37380
35395
36861
38930
34613
41861
40409
34515
50511
41556
35821
40846
40925
32501
39718
40153
34027
11463
10617
8188
11973
9370
11184
10797
9154
11594
10941
9421
11431
10931
8813
11190
11403
8994
11533
10500
8603
11158
10908
8318
10471
11480
8303
10316
11193
5955
7110
7096
5543
6802
6973
5408
7326
9135
5934
7382
8512
5805
8766
5211
7082
7100
5638
6897
8185
5645
6824
6944
5447
6762
6830
5535
6646
6905
5500
8024
7045
5404
33237
10459
7945
9860
11103
8837
9681
10087
18914
9860
10114
7817
10065
10056
8180
9620
11272
8954
10391
8729
11075
11039
8911
14000
10653
9292
11254
11147
8872
11426
11430
9290
10592
11281
9417
11208
10759
9169
10834
10139
9188
11165
13051
9146
11804
10900
9369
10736
11073
8763
11152
10980
9443
12803
10859
9233
11509
11181
9156
11464
10788
9207
24052
11381
9006
11409
11244
11138
11212
9620
14174
11045
9197
11158
11169
9342
11620
10795
9365
10787
11229
9189
19647
9459
11109
11327
9452


