79631
16652
14475
13172
13088
16183
16590
11637
11802
10690
16024
16887
9803
11638
10526
11946
14893
16636
10429
10878
9763
15781
20417
10537
9705
10081
10459
18256
11810
10856
9899
11292
16798
15499
9291
9142
10374
10405
15245
13724
10537
10259
10375
9542
15189
15755
10505
9823
9608
9618
14029
14210
11390
10193
10147
10095
15824
10560
8319
9272
10201
14284
14689
10667
10675
8935
9303
15907
10924
10336
12137
9626
15707
19823
9850
10731
8839
11190
15707
10873
9387
10466
10276
15765
15701
8234
10320
10190
9588
15179
13681
9171
10263
10089
10799
15803
9421
10519
9589
10320
15387
14990
11027
9101
10836
16123
19536
13724
14611
13255
13933
33277
21844
18542
14311
15061
14925
13229
22171
23799
16453
3727
3795
4046
8043
6290
3200
3809
4101
6161
5842
3478
3822
3426
3656
6174
3978
4013
4449
3711
6120
6169
3757
4304
3940
4635
8106
7355
3158
2560
2868
2258
6585
6137
2788
2649
2756
2902
5736
5921
2654
4273
2707
2989
8957
8136
2558
2834
3021
10045
7721
3567
3082
2842
3398
13510
9649
4225
4586
3313
11001
7207
4128
3190
5069
11021
3426
3123
4095
3031
9403
7515
4144
4748
2826
8347
10604
2910
2676
3717


27118
22084
13585
12988
15519
24339
16575
12931
12603
11375
11002
21672
11611
11061
11633
11505
15755
17221
11409
10666
10664
16082
16403
10743
7868
11075
10162
15617
16598
11322
9832
10809
9738
16591
16277
10214
10265
10916
15599
15304
16900
13518
14954
22141
19978
16522
15536
14905
17821
30748
24507
14716
16988
15409
14958
23625
23202
17245
16792
16731
18907
24061
15272
16381
16732
16412
23689
21680
17678
15154
17985
17144
21591
24327
14784
17417
17545
23100
24647
16127
15288
15824
15500
22630
25201
16299
17083
16463
15536
21103
24360
15646
17238
61649
17344
23275
13258
12015
10661
11177
22218
15904
9995
10493
12518
15316
26215
22147
11297
10137
10500
9410
15819
20930
10856
9517
11285
16675
19951
15343
26723
3928
2804
4228
4433
2516
2754
2585
2844
4440
2697
2817
2735
2331
3994
3578
11301
2414
2647
2380
4400
4624
2795
4270
2545
3891
5575
5132
2654
2696
2702
2889
2067
7604
2871
2858
2848
4829
6935
5624
2768
2783
2621
11444
12018
3546
3323
3649
2472
9663
8592
3157
3510
4716
3534
32808
5763
2625
2612
2557
3882
4379
3040
2887
2935
4000
4571
2589
2462
2740
2573
4179
5805
3286
2548
4728
4346
2862
2933
3026


