130557
23821
16792
20838
14316
12833
19193
13937
20286
13869
19605
13871
18383
13949
14010
17653
12974
22792
12809
18481
13561
19140
11838
12292
17412
12433
17936
12647
18244
12286
12688
18798
12252
18988
12640
17990
12334
17573
12975
12507
17474
12289
18618
11833
18078
12898
17534
13377
12836
19731
14611
18650
12340
17836
12784
18546
17365
13194
18041
11317
17275
12522
17929
13011
12370
17844
12033
18318
15838
37163
14319
18966
13151
12663
17942
13495
17645
11953
63077
16969
21464
14598
20682
14341
19541
12947
13404
19690
13118
20333
13013
18092
14213
17673
4334
4047
5720
3915
5860
3901
7155
4332
5743
3932
3743
5717
4050
5675
3494
5506
3907
4358
5877
4085
5649
3895
5758
3862
3812
5898
3703
6666
3934
5578
4138
5339
3824
3571
5394
3889
5436
3892
5672
3992
3972
5447
3675
5845
3960
5442
4589
5780
3855
3646
5892
3788
5942
4102
5359
3717
5418
3749
3792
5563
3957
5535
4053
6383
3839
3406
7135
5603
3909
3864
5405
3885
5397
3783
5952
3950
3887
5407
4063
6745
4311
5858
4024
5551
3627
8348
5492
3797
5581
4087
5375
3712
5692
3808
4179
5208
4008
5513
3693
5672
3386
3678
5897
3979
5674
3597


40371
46136
32981
22735
32228
24324
29112
24184
24787
28924
21405
31795
23636
39598
21564
41797
21455
29296
23579
20008
31323
25030
29499
20300
30013
22924
29053
26880
54026
27443
19169
26978
19125
27143
20656
27990
21604
21636
28883
22292
27663
18784
28343
22628
28732
20038
18599
28358
7468
5118
4930
7715
4650
7636
5677
8703
5734
8182
5100
5008
7215
4363
7133
4916
7274
4538
7753
4913
5373
6594
4732
6784
5015
7341
5103
7431
5335
9100
5109
5869
7239
5236
7439
4697
7685
4601
5606
6661
5130
7925
4525
7508
4969
4749
7046
4907
7368
5774
9131
4698
16269
4821
5964
7380
4817
7003
4800
6921
4946
7617
7083
5069
7260
4636
6879
5002
7393
8149
4881
10399
5078
7188
4878
6785
5626
4931
7604
4751
6838
3339
5466
3530
4975
3406
3359
5031
3857
5217
3435
5009
3274
5442
3296
3576
7362
3606
5060
3487
5140
3779
6114
3817
3343
5035
3369
4998
3825
5000
3533
3454
4898
3527
4930
3734
4951
3348
4974
3367
3513
5161
3534
6329
3576
3297
5426
3406
4957
3677
5249
3455
5054
3470
3585
5634
3630
5623
4052
5062
3591
3431
4884
3210
6597
3159
5088
3726
3340
5657
3459
5030


