1349489
920810
2078355
10820965
11594779
857030
2745307
2546599
10633395
1198427
3783098
2806635
1245675
4478487
2684855
18658644
1615866
2788674
902066
4859863
2803735
5729046
8400139
2687421
6970980
13722322
3411282
4748938
41059912
1630485
900530
3608877
2800734
4447419
3253096
5441546
8170244
2885432
19659153
763127
3725456
2407617
4623489
4848796
11261377
6813875
4347833
4275052
6319897
8950601
4817999
5341295
1561094
2118836
1773848
776749
1561687
3306838
12139958
1654711
1336777
3252535
1308865
2029566
2123419
10444273
1684774
2407811
934349
4154260
1763663
1244527
2230173
3440528
10609437
838217
3277028
5260052
1834786
1702726
1632985
2089623
798708
4198846
3905110
1537017
2024885
2436379
6665296
1684461
1302909
5397422
1417766
2878983
1557892
1854449
2538860
10734236
1784193
1411523
2238580
1710724
3794207
10735081
1615217
966383
4393258
2084098
2747234
11564721
556342
4986269
1734947
1589726
6153141
1619503
621206
4794116
3883427
1163589
1561364
4098714
9352743
1625586
2407207
1823135
2268021
765761
1338289
3973331
4330199
7148628
3257940
13365321
28812668
1003276
3678854
1301966
3019082
8576280
1614023
2486805
1318036
1383011
2855339
3023779
2998612
14235886
3937650
15556312
8696295
10088938
9866593
5538410
16548897
10309791
43317010
1523912
2257570
675523
1464741
5501221
4230503
14457169
1704829
1486206
2741864
1262964
3407037
1900598
1771621
1044072
2112211
4755931
1707014
6396962
10029727
12877621
897871
2869178
5347494
2219227
2951587
9443541
14288648
1633470
1538804
2558726
3619169
1501886
2543168
2807872
782849
4790692
4669332
9365485
1724594
1644691
689324
5042068


1950278
1909091
2455477
4887594
1082020
4055924
3751701
3621250
6056223
13034152
921260
4364399
2728501
6111870
1732955
1708603
2539791
4802196
1140116
2795695
6038770
407548
5643031
1658316
1799297
1470414
9110048
637512
2042013
4070684
6383672
14939420
1217404
1900184
5762075
1755582
1591335
1731279
1692725
1873840
818827
3857142
6875037
870013
4225609
566971
4730375
741522
3055045
6432154
1739569
1695023
1316590
3167952
754689
2604033
8439262
2616350
9615963
1733246
1409336
2869129
1280836
2453284
5271624
602772
3338968
1904007
11101295
998200
1903409
6236503
2836076
5036205
4227496
6291635
6513204
12044072
15179268
1534669
2544066
2264989
2905532
2784993
9619905
9069646
1740104
1531075
2709733
563063
3825287
5671494
662853
2153774
5735557
7879299
4074291
6496536
3471629
1016083
4991389
5029902
3108288
13452462
1821362
1271085
3054811
3411240
4833656
6608568
1482985
2447742
876651
6971455
2560496
1366891
3718498
1246911
3940623
2010104
2548135
1655980
2994586
4218771
6820369
1499137
2610606
3402650
1691076
1963830
1957649
809100
5140329
4444718
1739593
1503347
1791629
4904940
3607817
1555398
1814296
4562897
5223712
19181627
1203816
3525217
1559691
1317859
3164298
2888056
3422740
17232902
1590721
1140299
1606793
2454459
7711800
18441490
1610383
1738407
1699636
1342040
1762608
3109244
5930036
6406170
7560683
9972318
1446985
2763671
612579
5179628
1771098
1795177
1036665
3835720
2842726
3061519
7406502
611639
1581447
4335287
5293351
14192314
1826335
1699248
360761
5125734
1576872
2831342
1343902
3158089
1591530
1598123
3009842
1746885
1760179
1683334
1408815
2096997


2532876
5905836
6501533
9835198
6830986
10515587
12804598
33155467
11228263
37056864
20248679
40898597
11876307
15083366
49489375
57684923
23892411
55994077
59528485
59449967
59056301
27092074
76592868
45196967
57755154
37691177
47134431
55768086
47147647
70554157
85838808
52741397
86839615
89531643
101160694
52907008
77717372
94490682
66920982
47627779
120858343
60507307
51459090
103652132
68749434
63737773
132622322
122728154
50218811
32800832
94379382
104471288
112179674
103917478
84586805
40787141
69766519
50653306
147786171
128683867
74978222
124494662
47665885
170507165
159884027
184114985
60652474
97714173
131481931
127271777
98825756
100253572
198257716
72558256
90709957
73664855
94128288
145824207
204974266
247391946
89026639
297153485
146427763
219491583
113591389
171695060
112648168
120560041
183331162
66660749
189829249
97016776
164564588
176291105
178031756
174857795
239693877
105821553
196252503
111915924
306593083
190215739
97381988
251148546
323300766
211100497
113461096
222991575
260410763
189262615
139250457
164968456
205049023
220921602
187329155
375587002
282960397
246731899
177011523
191981428
230116850
221404628
122707300
109300394
148704360
137801959
222380031
116039725
351779679
404655346
315979978
321129670
196209948
162089315
321731878
318781218
127181821
198564542
286038394
410892937
351629844
223927126
350475179
224673943
254327090
346677285
370260303
280719117
361891972
262788348
332238693
358559077
394841025
436222739
377674877
273311611
308128751
162019310
455547176
340729819
318373767
298187923
179163403
308469495
235387550
298389332
480982362
258379963
452961781
414492213
154724842
209106382
402334911
252235081
345319367
144194837
434317298
558076260
355033579
243673327
367810844
151092625
246571906
211172479
243594783
7418891905
2404623
3609926
2571923
9073062
18962027
13673558
22654313
15312393
6504756
7447241
39098399
24436553
15366972
31134825


42542784
59257900
27475877
36561068
28456009
33219908
44672663
36932593
18015570
49698338
28885018
16781782
59112578
17129821
49097798
57596684
39564712
46994675
57129007
23090224
346929363
2884881
5507645
5372154
6259257
2299739
11819086
4469619
5196325
16556611
12529722
9406839
35517256
27864696
22643081
17002305
20386840
33289140
11787653
25782812
17925888
71219051
29876941
49842228
24914298
58887930
26290769
28696481
27260667
86496269
58692059
20173989
54690373
103127521
74807113
322473103
3511646
2386243
8516042
4039790
5334778
3921769
15040083
28135307
27477432
25456820
2129843
5757105
10505744
5992459
8878498
7784825
4999408
7003795
26858562
19511514
20231095
29044361
8676014
11786261
27593966
10403517
10788539
33937283
42729244
16781950
34152521
40638444
21039049
20528874
32346055
50858271
64444256
44338192
44932899
67433360
85483091
22070340
51627163
84302287
38181442
47611241
94819172
101319729
40727300
46192351
63842244
28955161
30093384
104870361
89147949
43017084
142308264
42583224
110885802
40066999
190538336
68327641
68041352
232346503
144978735
64095108
120582706
63012293
79078168
129712038
50517541
93229914
153025421
174218313
109726995
135824502
79686927
133966843
159156325
160995127
155951375
129172363
43900684
146122906
136100937
167326704
153972148
118390432
84685228
169708371
152499054
125530824
166985339
205438578
122421453
187922489
183555282
151657880
60892972
120407202
229851292
91541284
68390914
173943249
114748269
242525204
234428686
249193433
244049033
108976551
101645689
188942989
171076081
119522263
203417842
196767533
272503021
283349583
276499861
134374166
229009464
115279202
262580564
354449581
104948726
211811995
294787632
169602351
129380342
238175649
133260068
114607224
269335490
265157483
154390249
203511855
217223033
211171815
412296321
302759603
194036060
340391295
164907125
262422789


