4358078
23886569
7679962
5239016
2412313
5222017
7646435
6790990
7019379
16845425
27765269
9012248
16126313
17337299
11739817
25019324
9089205
20238719
13413632
32169368
45782676
87369166
34439878
24729884
47877761
38187774
49548635
49188145
19851327
15350238
10923895
14936769
32663242
13354868
12087640
26326420
31642515
39229368
33547857
15679549
18153966
16232750
19947363
18337876
49262332
35197890
65926031
38461108
42578388
68405896
40366400
45641337
36499542
57830666
37287053
47488120
42934375
40610994
34202153
61591687
110946685
127275108
79505648
64937156
58735999
125734823
49511129
46211503
87383965
76549218
78153814
94861193
34340687
148641150
41961057
123837393
51665597
62483538
117494476
111042877
155719372
68203326
44243317
115102018
125835212
83137107
54899718
150100792
64951735
312883028
74452855
44383107
59943556
137824369
82953197
358804020
151864928
79204229
204944013
105775399
74564240
58813572
90181554
80636221
199041989
68360497
160394355
68781465
229316950
59029671
139836482
152447253
77265948
192708230
99776335
91567675
133094468
103072398
113568636
62476466
81268815
128947351
195827165
115722638
139438626
80473226
246363298
162092119
92682740
184442978
167127071
203348991
180858291
120990557
140020818
137603934
115557476
218931029
69510661
184598093
111068614
144183169
85434437
76418620
147217000
311725001
161454107
39366377
69981846
81777656
98875386
126936301
239444003
66372144
90898268
176372320
106604913
52435508
63129488
122155791
204054863
45538075
50153777
123789794
206780249
350331798
79760049
46965678
151163255
113438090
93321804
131110956
125759653
72023016
224785978
55003999
137407568
118726758
103547671
62043213
145993740
93453747
112425206
242535035
109697268
72939894
175143378
242660273
133231432
133099391
77473974
116989839
59593851
205824437
86277793
94527299
299657442
340431244
75454461
106780926


152741770
107006050
327888685
103878345
85141545
58071076
202284121
267759322
86932947
133998885
161725035
84181739
137746743
71692801
140176321
77559282
103731407
165029936
114416200
189891683
83315178
222910460
155754104
234662284
73331850
114098263
109517521
90442444
139161558
195446416
267106263
355857957
184406489
143715062
168241494
137608241
203795600
124774686
109662033
265793820
131653594
163047740
196482189
134091385
217430790
313850637
375205822
197777385
390160219
178091483
636507150
406569349
365494225
265956124
191513899
475358572
273158391
409657460
381740575
363697060
145601104
162687322
152974913
260270993
497323109
218105919
283188821
261228805
318923972
461653623
691833328
215442424
165323755
280041525
577945025
297029243
274847229
128840179
456456652
742228430
490806596
506602398
412747398
153075940
251798935
86090669
151070438
555686250
181915653
185676249
145443214
241182155
192588539
241211062
3753711467
2415492
3787312
7207985
4728537
5740625
10392539
3508691
13509121
7042938
11176114
8207216
15836156
14749608
22705654
39371143
15796787
43122665
25614071
21127513
37710285
15092024
42831325
48056100
33074359
30755289
58146547
66525854
39812468
33416498
82020794
62120042
75656286
118127104
109512336
42488333
42272677
46607392
49089901
41274079
52377192
20776629
16161965
36992997
73472557
36105901
41402400
25394108
57906054
31735947
10696618
22775915
49080386
36296253
15620317
17121486
30991461
29024929
45425859
9890399
18183334
90884646
17497691
23379583
18868692
27260845
32665495
37614696
24797280
64222383
40905091
69772677
110903373
21282021
50518474
47258452
58384068
16950997
40327289
66630652
36434334
22792798
46737465
26804720
48729531
60707878
77811269
56570854
31730486
108623609
39440797
52988310
57001983
46373062
34126486
44909817
41338372
21193713
53923602
78791991
53689175
37363292
69645469
46024131
45843683
97309794


