181103
49555
48799
36651
20859
32451
299835
15788
27350
14218
12600
88061
9176
12387
256197
11654
97581
12732
20133
12564
27723
12755
13777
12704
12077
12878
11603
108669
42482
45819
167594
28321
159583
54822
34766
63315
14250
18732
11712
78331
9794
18712
86049
16200
60185
14411
12985
19908
14559
9509
10740
8979
37907
10170
13272
60765
15511
16299
10272
15835
14910
106382
28597
40737
10933
9562
35563
14102
43397
33976
19981
16840
17545
17362
15476
246347
23555
188463
18634
16618
14187
89070
37696
127083
12106
21407
23767
36541
141601
58079
303663
20770
22414
230099
28117
13243
26691
14916
63699
18745
23912
29284
18414
18463
17400
11159
23522
12973
12639
42331
13214
222051
16442
61920
10910
15113
58116
11204
59432
30858
13389
11242
9795
23486
13129
35066
24051
21789
28634
12285
52783
129364
20647
14181
11508
29715
77326
29200
200589
19195
15622
16387
26485
25223
12146
13404
112807
61409
26014
17351
20756
16958
17301
41846
48255
18690
11807
81785
21255
21738
210841
34859
17326
13397
17151
23901
34358
15614
11044
25891
23325
17300
14193
34507
16691
18827
18586
231261
16505
13396
12327
41838
17859
12641
11209
49447
338569
18741
22584
14660
9338
14888
16193
10535
12037
12738
15058
24353
10600
10028


59814
124438
38018
27717
18453
20130
13746
41559
41891
16449
14094
11461
11253
9393
16594
148269
16800
201792
112376
23396
15067
21125
33297
31599
33314
26863
16615
139728
29442
18794
18663
41334
12905
16948
11494
13622
10147
16815
13182
10095
46855
11120
17974
66650
21204
205365
13708
84396
153889
10866
259559
119697
21794
12899
37616
23875
18997
17216
291394
18099
152186
20800
42446
13446
11284
15598
10701
177805
48784
20859
35699
14550
10366
10960
29954
22945
96535
29374
108768
740371
25315
14335
13345
10903
25830
26535
27192
106979
16486
17026
30712
45428
35652
15744
21986
563005
26885
52578
115741
27359
29677
16603
23363
134340
23100
24368
16324
111943
31526
19339
10612
21934
12994
10007
15860
38285
84067
16911
14876
129050
33768
37997
16731
10229
18882
32147
26257
15898
10038
12490
16089
10433
377248
17732
12558
16576
32757
13012
10842
26975
62874
20153
43035
44181
277865
396208
12717
165290
30862
17285
28999
26677
15926
191008
25519
21986
25904
13363
347659
39793
21150
57650
208115
22020
22363
21651
11539
12219
14934
24909
15281
11412
12341
48650
260101
31830
16406
59144
16247
31433
11529
11463
10272
70456
13961
40232
178597
12891
11462
38252
14826
25839
78166
10309
10287
9724
13318
23263
224867
39736


