45357
67392
50449
17576
26311
12845
18183
117392
36766
98252
72577
12381
130894
12346
20856
17088
9768
17580
11530
107724
42454
33136
9841
31389
11523
9290
21194
135634
32643
173153
32731
10910
31253
91494
10861
20020
15529
21533
13415
14915
0
20184
36774
20921
10423
19548
10158
9017
14905
19676
20629
17632
59054
18611
15496
231560
78911
156235
12241
64530
14261
22908
21262
35097
11358
13853
15256
29094
629227
14054
13061
54434
25553
19023
13451
22665
16321
19721
36037
128843
23949
15384
18446
166241
13152
163740
21898
50451
70489
110010
14433
17395
31389
15652
11484
11095
25036
337603
330305
18760
13784
22760
13300
213872
12624
16564
11405
39403
10601
123302
9992
10554
23589
9890
43441
25471
21403
9509
25375
9714
13618
27098
15957
12415
12970
19174
14688
19912
21133
17565
12259
54576
16834
12612
520407
15238
111090
21815
16157
18623
93649
20091
25093
17156
12175
43004
62434
17388
17213
75664
16389
14814
14355
148446
124802
44935
10163
14990
338389
9359
18219
15333
19006
9873
25916
10205
18733
11305
60809
123554
9314
11941
9707
8602
21859
13680
106319
12835
14115
10301
8339
35699
12674
10256
10409
10044
283766
11477
37174
70134
14504
12561
41280
107963
15541
44009
15534
22034
21644
18907


19427
11658
11666
9610
51220
9058
8804
157969
16424
40544
54828
12415
15681
31984
19818
17705
14221
13243
19456
39080
12110
10858
118971
312383
17444
11086
228641
28709
34563
26307
29073
70263
16683
28226
20447
30797
29431
23723
280184
11833
13142
19500
24435
157448
11315
9020
8606
25159
309353
12563
8641
10671
28546
11572
47074
10980
10846
10421
12532
9391
358125
20489
12205
19070
9109
13712
184643
74619
236973
14921
10639
21570
12594
10706
10959
17179
26929
23187
17400
79322
24717
38954
22981
24443
163287
25810
11791
20240
10777
12303
27575
16384
13997
42474
235917
11591
11930
134143
11642
8517
240534
8450
94145
8698
143383
16154
16600
11043
12163
9847
9424
8661
9612
9082
19277
8985
9039
8958
21156
13453
15664
10223
14242
316854
13746
11506
24717
13873
16628
149288
10852
13827
64919
24168
11410
10946
24183
16514
55422
17799
0
22179
21487
24623
20281
11730
24109
10401
8391
19882
17456
19691
20605
9440
9787
33303
15500
90088
15736
9373
225056
27924
47012
122471
44160
12036
10925
177882
235488
69988
10863
28777
80456
69677
56870
14858
23367
10167
10531
10386
43724
25781
11485
153973
18857
53611
11911
17768
16735
10870
31445
14083
22572
18437
21089
16896
35452
12142
13107
18525


