756303
444508
301786
314055
148370
122798
578571
104113
238545
1237543
83111
102335
79663
173765
1217769
100881
5303586
1035163
361827
75807
240046
76895
291417
675690
80030
181662
122857
743514
76511
1118209
304717
772859
473707
352616
76865
90614
235905
341176
98512
290934
998551
107489
4995619
77842
111615
95186
218680
658833
1929430
100238
1648631
105615
117729
100863
551360
131131
2137627
188900
313439
93196
114720
5069435
148477
107888
101032
7905509
223602
85599
210748
3222471
554276
84363
163544
2002855
146853
479164
198458
96868
388146
268968
741826
7707678
6579702
79423
76754
417394
88816
2973490
911643
300129
87936
161662
966519
205625
80038
5826711
120709
86684
326777
3383961
5575298
107848
102600
98440
203291
859302
11169249
328256
1182909
83053
339337
226444
83290
324893
78840
119333
579205
419064
465057
1917560
329215
262754
288513
211596
77094
1486126
104479
75470
77270
76063
260926
293056
183190
607581
391831
111017
2366471
88912
270264
96309
238433
395714
207903
1362331
180605
651290
5673759
212224
156700
111204
228319
1085107
3404965
351578
392284
1989827
1150987
528223
105466
94149
235031
107402
106609
85826
327224
840830
363087
119623
132441
341438
918780
135516
326816
105003
92325
410604
89035
1131288
398821
103778
915969
99065
2596893
125916
99447
1436664
102487
247057
108796
113122
230960
485383
274046
118894
129925
256976
942676
149697
250664
4972479


