275417
893021
299045
1162363
273051
239589
9772505
187740
3262291
176490
177277
139760
342540
8648612
2038472
994053
99508
405068
2123441
83977
133018
89190
425231
2424228
3341526
113665
2549699
122341
78103
115181
3052099
962498
716957
818190
1885451
740374
202106
9013446
382904
952988
947076
80378
1888057
82516
80381
996616
280725
96183
186174
76613
1853236
291631
99712
76036
106221
125734
80920
78996
106258
93288
804004
589500
268900
2277309
363906
3459375
182309
222258
185691
942085
100401
470648
87395
100302
288821
4930245
1003483
698416
306679
1842418
106890
407587
175820
194098
2695766
2091149
885955
174037
76238
97129
96624
436813
82417
435346
830095
201863
315545
1302550
103315
105866
214416
209222
89631
329806
77031
18556916
300196
2592264
85572
87519
202885
193841
333010
104706
82797
1640744
444262
328144
5658844
82678
512638
3433827
371583
433785
1703128
116028
1014303
448385
355171
356412
150790
772640
95290
986851
296455
98466
200919
129788
81269
477114
480825
104129
91846
77262
76603
82717
334844
96719
103208
215009
113660
514737
186990
215106
594901
4717483
99546
2692378
1525010
440940
571623
341921
130076
997353
142045
5733547
502411
587506
76180
214590
597390
267686
76429
94449
2350278
7457505
268587
98053
74645
105065
78291
209362
4843936
465932
240727
106678
74686
104972
139138
93436
109853
213431
3192317
78141
972790
77036
97589
105294
124874
177869


