29724323
11946502
8121587
7987977
8009802
7774814
7872903
7668320
7612310
7349297
7948143
7663054
7484497
8797407
7426262
7125362
6946607
7119793
7063515
6928609
7004693
6914159
6865687
6976237
7071464
7002255
7397865
7769377
7221927
7019431
8850766
7983812
7690070
7637864
7161694
7099952
7223740
7066436
7000015
6991158
6964270
7466923
6925757
6883202
7218500
7053588
7268629
7119634
6998970
6927026
6839629
11121611
7027665
6973102
6931620
7144089
6922165
6879641
7474241
7025463
7211838
6951222
6882659
6819591
6982779
7100871
6970579
7033041
6954815
6934884
6763860
6973829
8075183
7916308
7910709
7943534
8194694
8033018
8326636
8751722
8584526
8649195
9068075
8647859
8515741
10386248
9998259
15225090
9845203
9498265
8652597
7979264
8054601
7947322
8028695
8028865
8229045
8146769
7784390
7922183
7646382
7638700
7317368
7174581
7140484
6970627
6969320
6993188
7082365
6905801
6898959
6899133
6966131
7069349
6994858
6993063
6950157
6900611
6966247
6982935
7002604
6993244
6985367
7111805
6859882
6924943
6954542
6972009
7064949
7034888
6944963
6858176
6966765
7067426
6942152
6961228
7354245
6929712
8218760
7190611
7229729
7254603
11439563
7556139
7328947
7325233
6975169
7192774
7057731
7076600
7813834
7086618
7278795
7098048
7034618
7034090
7020183
6985588
10671189
9006292
7019925
6998683
6928117
6936990
6922772
6887797
6790157
6994520
6970173
6966033
6957873
6997535
6848192
6896581
6967956
7016107
6984462
6890998
6968769
6880789
6831186
7022226
6937178
6965397
6919735
6933222
6863013
6812922
7216068
7226396
7040896
6993846
6905879
6867650
6949243
6994933
7001854
6981352
6912042
6919688


