26656938
10777823
7714104
6997443
6767962
6938034
6723000
6693540
6684395
7211690
6719197
7087546
6672764
6633549
6325723
6126979
6337676
6293302
6470464
6209146
6166747
6127258
6311305
6366932
6222398
6189976
6280093
6320265
6316660
6343112
6348027
6340611
6193260
6332503
7214699
6811132
6442065
6415110
6420948
7053807
6719666
6589631
6507058
6155127
7249724
6262247
6229544
6232852
6331125
6558388
6322150
6238728
6238087
6161377
6119490
7158165
6469687
6222659
6242436
6199276
6861145
6276092
6242906
6440414
6150163
6113602
6410904
6262058
6220272
6175779
6179404
6331060
6278765
6270252
6188185
6164121
7679283
6845029
6757355
6377913
6200252
6150159
6368293
6405481
6258270
6611911
6286344
6189377
6329053
6343204
6243059
6183144
6355219
6470526
6282047
6290868
6260124
6245512
6167285
6446004
6384945
6288625
6185056
6285814
6316878
6298838
6336355
6224850
6324150
6159865
6338828
6260183
6263722
6232266
6264080
6322317
6453353
6269260
6199273
6226840
6244971
6295883
6265226
6261488
6217835
6201905
6334024
6332836
6238438
6205353
10464746
6287143
6313404
6306577
6224744
6234961
6183775
6353899
6374161
6237905
6215448
6282726
6170987
6314899
6362651
6222677
6318323
6244444
6319108
6274916
6235071
6285161
6238452
6131459
6437103
6264732
6210463
6214489
6193845
6339665
6317803
6850238
6312625
6301984
6198354
6429817
6295299
6246597
6268099
6244731
6322757
6309412
6246349
6202172
6254617
6148057
10149833
6320370
6343219
6239144
6153883
6349993
6292416
6236513
6336423
6238754
6118238
6352313
6296281
6294327
6198356
6139027
6498546
6295194
6270778
6340629
6178944
6118106
6306077
6347401


26175302
11267528
7820749
6900178
6911995
7022648
6940654
6619193
6636027
7233704
6851842
9959162
6825711
6996670
6443819
6488801
6357620
6220888
6192099
6218905
6330244
6530191
10309241
6272702
6177316
6136586
6333362
6291138
6413164
6228720
6145361
6331520
6350458
6256674
6245017
6189471
6213412
6379931
6271607
6229909
6227983
6152038
6325354
6598696
6241413
6185763
6193122
6155209
6362202
6266073
6213699
6444144
6170076
6337776
6379938
6231003
6198162
6209979
6808168
6822871
6506471
6306771
6212549
6159933
6316721
6509234
6422405
6201780
10250998
6127497
6453294
6444797
6224285
6225470
6168223
6435877
6291138
6252029
6443076
6205597
6488491
6410018
6262412
6217215
6224098
6181588
6649138
6302654
6270907
6235814
6861716
6435854
6439081
6486098
6279082
6335232
6132953
6392572
6289695
6236136
6221955
7073864
7979464
6728255
6461726
6599878
6425730
6828137
6641026
6352630
6319444
6215756
6431608
6168773
10779404
6673594
6241975
6423554
6209361
6323441
6310253
6337921
6202319
6812830
6148178
6327780
6306498
6297945
6574771
6153617
6457244
6322108
6343815
6521194
6149677
6126715
6326530
6313036
6385834
6221693
6163608
6340579
6301399
6301483
6288283
6200094
6149363
6311328
6319991
6264321
6271957
6150177
6348788
6299992
6340850
6289441
6180506
6116566
6331697
6310805
6449526
6244657
6219365
7770529
6929835
6536221
6408523
6193257
6265130
6346926
6300098
6300665
6227275
6157931
6343317
6323544
6444778
6214085
6156912
6133871
6324903
6289922
6398513
6252843
6138615
6335729
6315306
6366116
6229930
6148963
6195768
6437594
6299276
6297832
6255687
6157101
6339018
6318064
6365574
6287083


