2966665
2546126
2672388
2555233
2561416
2544099
2574424
2584030
2486856
2447518
2509852
2375285
2306712
2315122
2335001
2313379
2310524
2178628
2189594
2203101
2613401
2417499
2685456
2639436
2697631
2558141
2630160
2612622
2595353
2605644
2544014
2538556
2389976
2371171
3230664
2566262
2349810
2371530
2355944
2245344
2269905
2222452
2243219
2186120
2209157
2420096
2407386
2406595
4545203
2511292
2410322
2400607
2389345
2389389
2321770
2323736
2314446
2290789
2334428
2294053
2327085
2310672
2279407
2241373
2229434
2279914
2209106
2222843
2234486
2244813
2232370
2448402
2365603
2391221
2408142
2385603
4376723
2332291
2391178
2416282
2315146
2313839
2302508
2298136
2235345
2324752
2243037
2310697
2301716
2256692
2217599
2276430
2215723
2224674
2275727
2241907
2237578
2259096
2535056
2385766
2347994
2319132
2395549
2375683
4344942
2335431
2280121
2334497
2361525
2285169
2242752
2259034
2251342
2290304
3277559
2271273
2244062
2149339
2213057
2481539
2418286
2378701
2439155
2386504
2326444
2342746
2311840
2360602
2327956
2297078
2278487
2343142
4262896
2270373
2248846
2252461
2301347
2202583
2194840
2159381
2207062
2472430
2323258
2341451
2421737
2438542
2337952
2343764
2399321
2299393
2283997
2315065
2277215
2315001
2233120
2252666
2214161
2248456
2198561
2220148
4268483
2409420
2433735
2393955
2402253
2348239
2356366
2307077
2419733
2338123
2344544
2296927
2258412
2296197
2289734
2248566
2295370
2274369
2288262
2226024
2300336
2233485
2182786
2154019
2389966
2371124
2428434
2393848
2386129
2469283
2422185
2289651
2280426
2319770
2324337
2286717
2313066
2275801
2307702
2261862


2826359
2604147
2565524
2632951
2568968
2542853
2545880
2500970
2824129
2640129
2635294
2667448
2509143
2648745
2484752
2417484
2383999
4124999
2393773
2462320
2359252
2311962
2347428
2228129
2300407
2248649
2281173
2256504
2204963
2217787
2232796
2331707
2500961
2403100
2675720
2438402
2446597
2303721
2334248
2336276
2339669
2367414
2295703
2530669
2256358
2277160
2515122
2443567
2426121
2323036
2268405
2318057
2250626
2427489
2317230
2352872
2372237
2334237
2291826
2394106
2340721
2363677
2342467
2318651
2287021
2295378
2308158
2314689
2190368
2198107
2200743
2224671
2194096
2202662
3939180
2421040
2377639
2372637
2361355
2377681
2399040
2340355
2334138
2359234
2317210
2278964
2273994
2221760
2270938
2248920
2297978
2283315
2260457
2323446
2191356
2230203
2191431
2366006
2392668
2375493
2358845
2356262
2379995
3876486
2352751
2348681
2383215
2351522
2319013
2318566
2321087
2332867
2299458
2328345
2223237
2215575
2167748
2559417
2148124
2393002
2421726
2395320
2483556
2359854
2326663
2348748
2346368
2329122
2381705
2287401
2310603
2364154
2576414
2539264
2580759
2545514
2510147
2472443
2440553
2374725
2446101
2478449
2470479
2490424
2405773
2359637
2384080
2354110
2372988
2273832
2313463
2295581
2349512
2286629
2264649
2346188
2197866
2279906
2253472
2194468
3760597
2203907
2264513
2198522
2402328
2420242
2326494
2377562
2349468
2350387
2316652
2347768
2350992
2350161
2355094
2416061
2486249
2493131
2450235
2332726
2349957
2309577
2301093
2138694
2422950
2388849
2358586
2347775
2339667
2395340
2390921
2379888
2357426
2321038
2330991
2328641
2213807
2305356
2238029
2249161


6342710
5139024
5088090
5100517
4824070
4842716
4901861
4877440
4588791
4460660
4447433
4477811
4359278
7574129
4881037
4822888
4607342
4598597
4479439
4963890
4491771
4487517
5618038
4790878
4499784
4513477
4416299
4413527
4522422
4333512
4355305
4450830
7973819
4487438
4436955
4497677
4453964
4351195
4426077
4457809
4420827
4373434
4372510
6076469
5760786
4787169
4688634
4640463
4668184
4422789
4407826
4483851
7018203
4411860
4410539
4422055
4443690
4367893
4443598
4423674
4434910
4239677
4279961
4399869
4499163
4436502
4310817
4363960
4452496
4423513
4305036
4391833
6947790
4479296
4334298
4439290
4406727
4416119
4273338
4370133
4489076
4450636
4427247
4347799
4458336
4421257
4459628
4369613
4392982
4513051
4483521
4276873
4398625
4457162
4481415
4310846
4418083
4444495
4451508
4292064
4395462
4419853
4375782
4482245
4368627
4388924
4485201
4424903
4363343
4400190
4414488
6904159
4364121
4412344
4510815
4472697
5281620
4350140
4542890
4465473
4331549
4400620
4408091
4494417
4355128
4354918
4403314
4395829
4398369
4349376
4398122
6916705
4436991
4355743
4355160
4438986
4458580
4384598
4437182
4453643
4492363
4366290
4442874
4437398
4466649
4303512
4460232
4409538
4504994
4377695
4488582
6829270
4467740
4335205
4393099
4427212
4452863
4313465
4407204
4399647
4445874
4367631
4355211
4467732
4504063
4326838
4389616
4392455
4505773
4332191
4396682
4434348
4523349
4323692
4389033
4415545
4455925
4444721
4311364
4420795
4496083
4478818
4364820
4407409
4415016
4501217
4352014
4476027
5491325
4487828
4287839
4631780
4564018
4459452
4363028
4430098
4438306
4421780
4243776
4395385


5794812
5145069
5986842
4942369
5078953
4872325
4881752
4677215
4591516
4529613
7046717
4445175
4413584
4461025
4507895
4325029
4351779
4541880
5319044
4425469
4974007
4852343
4875430
4578385
4518183
4417371
4428362
4541156
4300895
4415919
7606947
5175695
4900406
4929402
4842611
4935666
4480103
4584072
4400222
4455552
4343298
4428681
4461768
4434383
4245949
4436949
4424521
4449928
4362113
4404232
4546121
4539578
4289473
4401345
4495622
4441905
4348505
4398079
4420148
4608111
4302676
4906919
4627859
4542956
4250755
4390000
4463813
4469781
4306784
6772149
4610673
4440771
4702187
4465249
4509007
4449548
4519224
4300520
4402000
4501026
4472489
4375153
4422302
4466363
4466812
4340970
4348686
4428664
4526585
6614069
4353615
4358739
4456256
4311158
4388295
4406370
4495472
4284489
4324974
4392723
4488915
4467404
4406458
4397765
4437348
4523241
4362936
4426394
4428187
4549836
4345700
4463933
4420019
4523991
4394526
4304957
4439969
4528446
4329535
4350311
4460409
4470326
4384683
4494033
4444618
4492517
4316279
4392925
4465068
5927491
4363418
4439418
4407614
4524181
4316814
4340629
4432380
4475683
4377002
4472671
4495713
4451939
4428304
4340725
4442710
4549031
5249497
4407460
4493600
6011145
4353347
4281908
4389355
4515107
4388134
4351405
4423453
4450788
4343357
4397677
4407315
4436166
4474232
4380837
4398767
4486056
4498761
4340410
4457362
4478971
4496013
4340709
4388704
4474840
4441373
4392900
4430924
4411383
4498556
4292943
4380482
4370639
4475056
4370421
4343827
4429751
4452839
4253707
4393015
4429680
5723445
4485858
4305684
4383227
4491631
4512972
4344052
4387337
4420962
4499566


