15600482
7504444
5070451
4384839
4127523
4293653
3949622
3865192
3878941
4027374
4083397
3882941
3936473
4129187
4054873
3788786
3785459
3655136
3734953
3735601
3709906
3556464
3499410
3632040
3633229
3676936
3483334
3578085
3534868
3625956
3663741
3506761
3569352
3562888
3612429
3577803
3519977
8251637
3572323
3831622
3957771
3616835
3783484
3753006
3645872
3683123
3846352
3925714
3801711
3839255
3822120
3597054
3591065
3689464
3610033
4054102
3560830
3606567
3532332
3536436
3647586
3708466
3495533
3543780
3581361
3667075
3572016
3532872
3615443
3519989
3638226
3662227
3527608
3604525
3855715
3570754
3741301
3572979
3514214
3594775
3593918
3527373
3480669
3653434
3797836
3543882
3649769
3539153
8528165
3667241
3786910
3668124
3518498
3681155
3494413
3707190
3688635
3576761
3486568
3548685
3582235
3603857
5113732
3696859
3687878
3605476
3652641
3680916
3639446
3576169
3578105
3525643
3667695
3475538
3455275
3552525
3576032
3638367
3507853
3523057
3584516
3620616
3664775
3469755
3606328
3623970
3539723
3557428
3728524
3513629
3587692
3620076
3621080
3568721
3569695
3617246
3556189
3596643
3690768
4147265
3855610
3650973
3588787
3503462
3529930
3540146
3743848
3582206
3417586
3491578
3640803
3566842
3619102
3428868
3519334
3603691
3600712
3589566
3701746
3624733
3511665
3621501
3560053
3575946
3510213
3469074
3720837
3595101
3710604
3478898
3522373
3516146
3652053
3577589
3454553
3539160
3569704
3574293
3554889
3591608
3497867
3566002
3577234
3630245
3568252
3518773
3477002
3553786
3581546
3637249
3540574
5410473
3696661
3532833
3645580
3703403
3526165
3522832
3594418
3625037


15700424
8499895
5296793
4278944
3957905
4089051
3728813
3871703
3762977
3826321
5238013
3927275
3884965
3940729
4096704
5454858
3901296
3983762
3946708
3939296
3964118
3784694
3737940
3783454
3740359
3615878
3697160
3605366
3626490
3565009
3621321
3618298
3470736
3552582
3495455
3554609
3589632
3491618
3552928
3565359
3560902
3614760
3419407
3546287
3732571
3729995
3820180
3628005
3608938
3590256
3549573
3610293
3711583
3495592
3603356
3540298
3675410
3614852
3447000
3616833
3543067
3642502
3662280
3490890
3518376
3605599
4482862
3874646
3571372
3532948
3627130
3647773
3606873
3545714
3494560
3521765
3670004
3656358
3473765
3531173
3508720
3589620
3655260
3627726
3596015
3801525
3683052
3697408
3710097
3537609
3541061
3596789
3659264
3473539
3543048
3619311
3932057
4019410
3679699
5111191
3926095
3953167
4054007
3800861
3708110
3728327
3650623
3574951
3775156
3548836
3540583
3557844
3636215
3452074
3524192
3644399
3552191
3614919
3596880
3570490
3520836
3563081
3645373
4223069
4358658
3941833
3997876
4012029
3941725
3775357
3634805
3678692
3530840
3591891
3481150
3578141
3591106
4035806
4186740
3482180
3542201
3554778
3645436
3602851
3464703
3488825
3543762
3576862
5644765
3741102
3622731
3523148
3622661
3584469
3605894
3424457
3523919
3576148
3602377
3631587
3513806
3542191
4490257
3652446
3729312
3604212
3530810
3572575
3647562
3579485
3638057
3477194
3591570
3606156
3570744
3457842
3505280
3545681
3537896
3575745
3617592
3433348
3574712
3501040
3570604
5064782
6335726
6351341
6292325
3690365
4076820
4113833
4748307
4769800
4172023
4248723
4332547
4017487
4032425
3885299


