169910
191424
177737
203803
54670
57491
46379
53467
51995
51477
67548
22831
115317
48069
51840
45312
48774
44904
37639
72153
103271
149985
55188
47831
46306
44955
44875
43395
47204
47917
36595
113778
46053
46751
46203
38563
29796
168309
48859
44397
34308
88596
46337
44905
30539
100789
20597
122692
48611
44928
42785
40693
49568
42029
48395
37631
90841
44344
46222
47105
22150
108995
44534
50583
40607
87563
43689
49694
40854
43227
29117
94438
44317
44383
47302
31340
95829
43758
43422
51667
39856
56863
36963
73470
49843
46369
48428
43995
43349
37869
77807
41856
44080
45704
25625
100255
44239
47119
41846
50754
30666
81940
39049
67203
49275
45524
37193
69273
45225
47744
42506
42639
46112
54780
46910
47330
19139
54964
172780
47877
46217
47949
44693
26446
99620
44447
40681
45037
43361
47080
41576
19954
107495
51927
36010
71072
44945
43156
41772
17224
78935
152192
46063
45888
45621
46462
39672
47521
17395
116862
42949
43460
46627
43091
41123
43828
44835
43481
46578
39828
42524
43201
44946
46259
39170
58357
43355
41885
40745
13052
121805
38493
40718
12690
111144
40671
43833
39612
41790
47486
61695
45031
28196
85147
42558
43999
41959
19709
113542
37071
75719
44372
43506
39548
66864
46913
17625
117843
43864
28605


186779
50123
39899
64088
43640
65870
48320
51129
50578
35871
107954
44566
66949
92022
52813
52309
47780
46417
50294
34701
118861
50555
69027
49731
73046
58346
22736
49179
290095
64642
57214
58581
50749
53912
25449
146047
60846
31599
138945
26789
42482
285939
57517
54714
18541
151232
55145
104074
94414
90356
56023
89345
36930
107514
58362
52432
50193
86280
54855
53178
36340
125710
46227
133280
58058
54260
34139
121341
57356
55485
59043
57266
50887
113314
25509
123984
19231
133743
53914
50261
46972
40041
75682
122765
49507
49888
48434
66598
41098
20065
108026
42142
29729
71196
106627
42513
25108
84213
41234
43179
44668
39870
46099
42336
42635
42119
46458
40460
41159
39253
35564
71386
42682
37753
21291
112001
40223
38987
41036
39138
36154
61176
14347
121892
42990
41368
42264
42155
42942
66628
42435
40617
40356
41409
37438
37800
41269
17662
103671
18992
114573
43454
44630
37067
45210
22457
105657
42735
24235
66620
145395
44689
41967
40009
44943
69212
44028
45273
40130
42363
42919
35833
45515
79816
37839
90002
87492
331216
248127
61240
25172
96861
38182
38120
36828
35942
39365
38715
38666
31738
69796
40763
38524
39093
37671
39013
38381
40002
38648
37989
37647
40414
30658
80931
59842
36321
61477
39999
38728
41707


