142363
349215
168826
181622
213779
173547
220761
368503
155882
153338
183655
172678
316963
635986
101700
108286
110789
118903
77258
213346
59495
120852
151824
84281
71360
73911
77180
45086
201192
76832
56160
60268
76552
62660
59829
99861
79294
85897
57161
57686
46300
249431
290834
54198
60720
56698
55114
50035
52400
65239
126839
49993
57622
75628
198598
46245
46026
44921
24267
138953
42026
46248
41634
80280
42157
45239
49315
39946
43671
41215
46486
57367
44658
41977
25375
119908
39210
40687
46729
39056
47322
40087
39467
35723
61441
34768
95484
112967
323769
46766
43965
46152
41926
117010
44193
57510
19128
73751
173070
45919
14806
127138
39655
41381
40839
43927
40909
40465
56478
40178
16164
115301
46552
37069
56939
98751
42467
38771
24665
50821
196277
24137
119622
46061
41103
44525
38418
18638
101540
146129
44627
39485
46598
39720
48049
140754
235652
54362
28355
104780
42429
43075
46216
42453
51848
43232
34704
120266
44549
43486
15786
132326
41287
49183
41100
43947
37683
43263
29676
91015
13747
115490
39015
62902
44208
42011
41576
39579
33033
105245
39013
40412
38260
45319
38137
38747
35931
40886
49227
58646
41994
20851
42620
222435
41915
38838
39015
51053
48917
29060
88546
43087
16536
120882
43746
41493
58602
35777
43078
40302


253590
179937
148082
315847
186646
111640
115993
88784
189023
114666
50721
159962
297160
71450
76469
77555
75546
69065
60185
161066
59811
65525
79267
58272
85817
100120
146434
48057
124925
76787
92810
53043
51704
70294
37238
103442
48690
55617
34843
112635
32455
120962
44803
104777
58946
44939
76963
49586
34338
103134
42394
21005
127303
188266
44722
45236
48764
57401
40043
47119
48115
45244
36694
109180
43728
48855
42316
39293
43521
51745
44630
47566
37042
104123
32836
108775
42831
71464
43288
30534
86681
28288
98501
25164
93342
47336
44451
45812
39727
46736
61643
40880
43192
42599
44961
16070
123347
36263
51325
25854
91614
37888
25476
109179
43946
34923
44574
17903
111546
44221
37963
95649
24542
33880
198663
39766
37730
37504
30153
99527
47020
48258
34362
90377
46427
61551
40803
37545
19480
146262
42163
59242
40226
64331
39432
44223
30115
59628
115697
191853
38332
79580
44245
36106
89306
35514
39219
56741
13298
57102
309517
359216
73140
77683
44167
43275
43992
32296
101369
44861
38052
40199
41799
35876
59669
43238
38158
73164
46466
60932
46161
35645
40704
43381
40370
44329
41428
33079
87817
38814
37603
29003
75108
42332
38835
42485
31458
54469
28285
216977
38224
50909
47289
37226
33346
79593
17276
118239
41703
35206


