89790
87552
84314
71645
64214
68903
50304
22395
19717
16792
13963
13961
20388
60797
23454
10699
12431
14031
10870
9057
8709
10393
13501
19094
10923
9251
9266
8352
15080
10115
10511
12376
8387
9765
15210
9295
8244
14854
21582
13410
9736
10674
9430
9424
11104
16599
10025
9450
10672
8699
7591
7964
14862
8509
7730
8818
8165
7941
7138
9622
6301
7557
9628
20519
12939
12761
9604
16699
11738
9612
7011
7777
14682
7777
7558
7532
7190
6738
6829
6964
14071
10060
9898
7274
13630
7638
7393
12874
39282
16577
0
13968
7700
10695
13054
8777
10615
22626
23781
11819
17011
13626
8327
11193
11240
7371
9054
7521
15678
8187
7038
9272
7951
18133
10394
8107
7638
7167
7432
13705
13426
48299
45305
16302
11155
8981
9192
8345
7781
7223
8519
8456
6965
6857
7309
6986
8515
0
27259
11437
10794
7692
7681
8226
7705
7785
9171
7619
6821
6803
7889
7229
7118
6212
6712
7426
8659
12279
15226
7318
6840
7375
6944
17218
9778
10077
8905
12964
7256
7479
8511
7765
6540
7418
7185
6337
7562
7921
7027
14453
8235
7300
7212
10724
0
29501
17446
30040
28592
8645
8737
12610
27049
17926
16123
24259
10358
7057
7877
8251


68023
55622
59366
45223
52891
44772
39548
39254
49263
41079
46404
36583
39627
44249
17650
15626
14579
13427
12780
14148
10289
15871
14669
10564
12063
11695
9941
9886
8971
10868
9716
8970
9353
9768
12462
17146
19067
11330
19869
8414
9090
7706
7860
8427
7514
6995
7214
10647
8442
10079
10509
12886
10709
10876
11047
10650
8831
9160
9154
8830
9308
10005
8758
15643
11021
9316
9250
8266
7890
32200
12256
24171
32563
35453
25779
32220
14672
11614
10627
11104
10794
10575
9660
15674
12586
13172
9750
8867
11827
16874
11585
14517
15072
16817
16643
62567
51653
26869
14977
10726
9217
8593
8701
9527
12735
9876
11872
11093
9161
9543
8913
8351
8883
13295
26735
12941
9926
9422
9554
11938
15661
9210
8630
9188
8986
8680
12988
11896
9351
13998
9032
9677
12475
12587
21258
16885
30463
61527
97236
26503
22403
16566
10044
9223
8525
9253
9733
9009
9876
8812
17636
15441
10974
9597
10949
8534
9395
8699
9307
8802
8618
8662
8417
9700
10554
9307
15763
9315
9879
8905
8824
8511
10105
8400
8901
10666
20441
9687
11546
16979
11115
9171
8385
16112
8136
8172
9288
11094
8518
8073
8128
7773
17280
14110
11402
8248
10068
10370
12092
15702


