45328
33577
15256
8517
8242
7779
6572
6431
8651
7899
8928
19909
10201
9705
7675
7931
6895
7260
7370
20446
12024
8816
7735
7966
8737
7635
7659
7728
7073
5691
5871
9130
6038
6110
6329
4928
5737
6312
5756
4999
5922
5970
5844
16014
6581
7879
5466
5768
5101
6345
5744
5523
4993
6102
5353
6553
5728
7608
5187
6250
4860
7010
5428
7503
5101
5165
5010
15134
8087
7341
7667
5466
5482
8625
5404
5318
7352
5023
5100
5836
5345
5348
7392
5633
5260
5773
6822
4937
5412
5401
5637
14677
6595
7028
5223
5601
5866
5125
6484
5664
6226
5291
7663
5612
8142
6262
10033
6583
8257
5841
10329
11969
14414
9936
7507
20314
10151
11640
8713
6755
7875
6266
8538
22424
23176
16475
14506
13634
13161
9443
10866
8110
6621
5920
7796
5578
6545
11305
9249
16784
6833
9989
5254
7952
5025
10460
5443
6281
6785
6300
5603
5131
5334
5983
4820
5046
6147
13757
7593
6520
5774
5230
7839
16665
6581
5563
5943
5747
8794
5356
4997
5166
5212
6192
9654
5827
5993
4988
5347
4936
7941
6968
5008
5361
11111
5737
5013
14862
6397
6161
6371
6662
5170
5079
4579
7189
6984
6726
5504
5406


52425
12858
13238
10104
9869
12468
9303
9092
8831
7171
6635
22143
9183
8813
9329
7734
9508
7862
7883
6942
7086
6599
6668
6403
8472
9387
6908
7507
6907
7772
6663
7108
6824
7194
7900
6817
13396
7834
8240
11003
6397
6239
6430
6862
6517
6697
6899
9474
7109
6720
7583
7569
7938
5912
6049
18167
9209
6265
6878
6644
5957
13156
8243
6854
8417
7304
6615
6934
6966
8099
7015
7328
6499
7819
6478
6910
7186
8049
6248
6558
6392
6403
8328
6784
6563
14997
8269
7474
10833
6650
7949
8345
6938
6100
6436
10652
8524
6518
6388
8385
6932
6558
7326
8761
7407
6916
6453
6406
7615
8916
8527
7386
7533
6680
7724
6665
6822
6139
6805
9014
7125
7954
18576
15694
7674
6371
11195
22453
17952
27054
50013
20173
14323
6454
20050
9754
6724
7265
5302
8070
5283
5539
0
6678
6854
5169
5147
5186
5638
5394
6935
5508
7334
6932
12128
6145
8615
27923
14476
15501
6702
6759
5953
5279
7224
5464
5770
5074
5431
7496
5642
6912
7311
5910
5625
7769
6473
5787
6844
6062
7110
5137
4917
14311
7805
5764
6498
5413
6230
5834
7040
5051
6137
5619
5980
5561
5875
5346
4883
0


