51344
20165
12859
14329
13128
39864
30883
13934
21807
12589
11429
10611
10381
13164
16565
16695
10308
10140
37340
12822
9815
9844
9891
9844
12568
10414
17052
17172
22459
11667
16346
9981
16119
22112
11084
10504
9866
13318
13728
10387
9872
9608
16690
24832
23439
9900
10354
10080
10504
13052
14086
12740
25399
10502
21711
10094
9813
11019
16438
11284
10716
10033
10610
11476
29745
9590
9584
9433
9387
9761
15542
9432
9592
9458
12746
9819
9515
9639
9560
9332
25872
15443
20616
11397
10151
9430
15149
15498
9160
11713
9577
14708
14909
9321
9887
11981
15415
9438
9095
9373
11861
11118
8996
14960
9152
8961
9715
12561
9516
8993
8956
20818
9242
8998
9269
9021
14805
9616
15041
9149
8939
9043
14678
15397
11325
9057
27138
8825
9650
9229
9017
9109
13158
9278
10196
9131
8933
9521
9239
15803
15559
13679
9811
9994
9347
10849
10987
8943
15664
8921
8906
9295
9123
20038
9237
12726
18264
17689
11274
10367
9683
16949
9886
9836
13351
9607
10145
11738
9541
15115
9908
8816
11445
23378
14762
15155
9047
8775
9245
8936
8682
18294
10891
10121
10011
9803
15987
15306
11721
9467
9071
8822
9276
9298
9024
14629
15313
9096
9216
34002


91095
75828
20343
21380
16310
13803
32011
15702
19471
15030
13318
14180
11381
11766
39549
25541
14479
0
43688
24410
13900
11436
19306
11766
65432
11312
19020
13169
11252
132876
33275
21567
12935
18320
11412
21174
20910
11406
10676
12141
10016
10432
10103
10422
10425
17407
22305
16307
10669
10365
10212
10343
9683
16762
9786
18290
11252
11119
10401
22167
9509
9851
9839
15804
9712
9542
15600
9908
10461
10069
9706
9786
9859
9673
15157
9582
9692
15067
10357
9535
17813
17724
10377
10651
17844
10103
15664
9516
10084
10110
9504
10192
9834
39303
9291
9566
9549
9214
9167
14906
9708
10247
9109
9138
24116
10174
10799
9870
9915
10116
9381
15332
22327
20193
15594
29236
18184
11835
10025
9524
9629
9051
9639
9986
9575
8802
9055
9524
9250
18263
12365
10152
10286
9948
15590
9950
9747
9765
9751
9588
9756
10101
10195
19205
21549
18632
19695
15640
11630
18072
10042
23721
9789
19073
10959
10185
10387
27930
9691
9522
9835
15182
10025
10045
10729
15324
9837
9891
27989
9509
10166
9717
9612
10122
9661
21579
10811
10181
40959
12904
11646
25657
10221
9844
9887
10108
9869
9742
9963
9978
9696
14811
9881
9779
9387
9579
10350
9360
15975
10107


