154851
340293
109775
97605
128707
95826
91473
95953
239659
108986
86235
86273
364682
252244
0
88796
150773
114295
143048
116748
114387
108846
110019
112663
108979
147086
118175
121794
138333
104488
102685
99184
98718
138954
103585
162872
97804
94995
161388
94589
95253
104200
100872
99261
100860
124437
104018
131512
102292
160192
94478
93858
93193
92547
92212
90252
90598
197745
27385
21636
16266
11052
138713
88606
60699
48965
34131
33381
35263
53462
18065
18181
18325
22520
24369
41843
37811
39229
79434
47531
61105
54386
50501
43469
47506
33170
43000
43963
90549
67195
53207
45311
30834
28264
36447
40168
20305
22668
36545
24994
27979
40300
52307
31609
19932
38992
41406
28112
20066
24535
21071
20571
18560
20119
40902
46174
46151
23273
26504
39330
28296
28526
25609
20881
20467
50439
22214
19619
26823
46037
24202
30693
29694
23968
35487
21314
43743
20486
20734
26613
21998
41524
23170
23708
24554
21341
26923
17354
18203
31091
28323
45541
43808
41852
22461
31735
26496
39754
60431
32364
41044
25241
33424
37190
45179
31112
36085
23845
21146
41963
50872
42410
41690
24569
24838
32491
24852
73689
52038
217106
45895
30615
50658
80251
67979
46151
30661
28361
36903
27483
20990
38332
53770
39849
47254
47497
26555
22571
19974
47659


