522449
469834
495861
542855
523214
524388
466100
483548
612657
307022
308972
309027
309823
304545
260848
242611
229465
249226
228104
242993
276116
231398
185343
185641
189487
194526
185068
185225
197423
218289
223334
168176
154166
155822
151435
167979
155705
152863
156303
154124
167595
156179
159374
137678
137811
153297
136908
149682
135885
133080
151109
133200
148689
132003
131518
164286
154668
149857
134137
136510
137168
133447
136772
138557
137488
132514
132328
133444
132833
130835
126967
129344
127409
129810
127892
127348
127969
127783
129220
128601
126612
127456
126463
127787
127631
127695
129713
128637
130153
127262
127079
128362
129942
127342
133298
128467
130476
129303
128459
126463
126905
131802
128623
124985
124772
136396
126451
124819
124275
124314
124506
122516
121878
122269
123929
148458
133028
134256
123187
124680
131720
124435
129649
122879
132321
122267
124002
128110
123060
124660
125350
125386
129171
138825
126360
144472
229729
139688
222882
124887
127191
123352
137055
125925
126022
126470
124753
141661
125460
123819
124003
125008
140175
122936
122881
122618
123977
146616
126769
122929
123761
123436
143493
126531
124587
123660
124102
122419
123010
122835
124160
124645
122940
125946
124536
124920
124240
123313
123823
122576
124919
125059
132316
125421
123218
126729
124218
125085
126375
125122
124961
125449
122348
123699
123269
122758
122876
124173
126229
122750


478744
469177
472039
467279
477582
462967
458538
464866
597067
497710
463716
585548
813031
832378
347362
314543
312222
312921
361994
292931
236309
232359
250977
261834
257201
231530
230712
186836
246814
212793
185483
188447
184960
187617
211635
188363
157424
153215
154354
175559
155340
156693
154913
154229
205076
155050
160002
134441
135493
131558
133989
132435
133031
131070
131804
133375
136216
135154
132578
134754
149187
128184
128542
127283
125782
126666
126527
126519
140332
121959
126960
124914
124789
123412
124060
123851
124569
128322
123667
123623
124711
124601
124286
124971
134877
168637
166950
146590
183296
124215
127305
123922
123185
124429
124017
124094
120924
123056
124191
123118
127186
122851
123277
128443
126573
124708
129371
142570
125744
125065
124085
126236
124753
122486
123380
123853
130857
122593
123499
126836
124581
135082
123791
124180
122957
124441
134079
125079
123340
124154
125401
135925
125422
123246
123219
134026
138701
125119
125429
122443
123982
140913
132821
124318
124433
124124
160050
127080
143141
124111
139225
122536
124494
121974
124403
125760
124697
123797
123801
122494
124507
142689
121046
119222
120803
119225
119692
130550
119374
118129
118252
117988
120290
118697
118535
118633
117996
120386
120422
136644
120365
120036
122383
120043
120036
133891
161110
145560
119798
122198
174250
124603
126037
140943
142574
129643
131770
127950
124412
125970


