562347
549142
541436
716747
530555
568451
516186
506520
520880
520281
740024
632973
558819
542701
651553
530642
512379
337136
342868
357258
341128
388136
340829
261207
255991
260106
258304
257946
260989
285797
251234
213160
249927
206548
206983
257163
203552
207891
205371
170655
170623
178097
171130
169552
170598
175273
173666
174047
172243
174286
143559
149268
148054
145929
144667
147421
147785
162374
150975
162049
150009
151734
162652
141554
148236
140988
141447
182682
145932
145530
138633
140656
141002
142294
140732
143832
139700
156422
146201
140207
142688
143882
159170
137441
137263
145311
134640
140579
134829
140269
138766
137496
142826
139378
146749
136033
138534
135678
138274
170022
139188
139268
137301
135913
144490
139589
137456
139726
156189
163146
143065
135323
148718
138197
147921
162589
250709
238513
186518
144243
142631
137306
135521
139389
137716
139543
149367
141728
139131
140506
137758
171560
136793
136185
137257
137704
156217
143643
151732
148356
140033
141098
140981
137323
139791
136844
137456
137034
136619
140605
136629
137537
138059
137531
134794
136670
133953
135064
140834
135557
139541
136374
135985
160258
136808
136863
137655
136233
162731
138755
140278
135574
138552
135331
156731
139521
143657
135410
137702
141347
139855
145397
134637
136248
137107
135926
139944
136305
137398
135629
138004
137749
143026
141408
136768
149210
136686
138560
134926
134891


914088
814011
901394
525850
579213
521377
1149094
521208
683824
656295
388344
354871
343970
334213
346762
339958
261448
269969
260682
260655
257758
260224
306462
203272
244520
205039
203589
212097
203655
210033
254456
286455
302732
193026
407783
251214
171508
176055
174760
172279
177225
145332
148539
146845
147491
150262
151198
146652
150169
154356
162167
260921
144475
142095
169958
142172
142818
149813
140260
143305
138841
136161
158902
142599
143374
145449
145130
143225
142700
137806
139603
135495
138109
140906
135759
139592
137894
137994
137885
135800
142330
140283
135398
146186
140271
138307
159836
139425
138901
136412
136562
162241
164695
145058
137498
138632
136699
139539
135029
135184
134408
136563
138147
135828
139430
136222
142275
136244
137205
138755
135803
136686
138293
144138
138727
139274
135782
135064
157615
138957
147283
139417
139853
178807
179857
141100
140558
140062
136291
141336
136570
135584
136785
149648
136982
135281
134283
133417
133310
134327
136058
131627
134158
133357
132195
129889
132195
139183
130322
129682
145644
134486
149318
137234
134532
180971
337886
187632
132105
130738
133713
133244
132888
133677
131697
135758
135744
131394
133656
134617
133627
171364
134060
133356
133844
134478
135577
133171
131595
157823
132097
130207
144359
133314
192197
134584
132139
176982
135797
131744
134965
133813
137047
131928
134235
132066
131037
206624
140244
133104


