64381
64923
67054
67057
60051
57784
71638
66113
69846
65306
59679
69627
70457
67449
61238
60042
61220
64477
66502
59463
57393
58753
68332
58625
74458
69891
66782
61829
64382
67491
57620
64439
67473
67463
62555
55329
72534
71497
57688
64940
71178
59282
62771
116351
64818
60594
65156
64094
68142
65502
58869
59533
66063
54226
65063
73042
68992
67979
103657
92518
111659
79839
57319
100550
55869
70461
71665
52594
58791
58715
66871
51372
63848
51330
54341
55903
57908
61424
50819
61629
57308
58629
48999
56485
55498
63244
55742
71324
55916
54942
67389
54278
63243
58860
56256
56239
70864
68527
78976
62092
62787
53757
57609
58739
56753
66877
58330
73334
53611
48601
51683
57562
61215
51670
62992
56324
63179
71588
61496
53310
54020
44811
51208
65321
56849
69722
77411
50119
61101
58903
62676
58923
59219
60467
58992
50031
55455
56050
53510
57650
53180
69798
55128
50275
55091
58723
63836
54685
50854
54089
69691
64459
69296
59763
64752
51525
66149
60473
50603
68317
69829
51319
59202
55854
60191
60065
58566
61902
67236
52484
55987
49653
59790
62429
54678
54614
64209
69962
49758
62204
52033
51222
53390
58787
77571
98059
121162
81206
56798
59562
54873
56286
61338
56866
61372
55837
54686
66754
60495
54681


216859
249102
218642
349033
258307
208748
224176
247411
205231
248137
213347
217848
146191
180957
157570
133866
152250
98379
117497
112614
112750
117824
131810
113619
95198
91685
83325
83437
90227
83742
78960
78605
76485
81272
122035
127027
72472
77709
70570
72298
77011
66087
72292
69611
65980
61111
59811
62424
61843
68365
59935
57248
66915
73789
58195
61325
59386
61206
48175
58406
52487
61043
52846
64765
63013
50634
61318
61958
54174
57841
57767
57919
54583
61035
63623
71349
57532
56895
58159
59145
53331
57043
57586
58754
55914
57517
67464
57608
59810
46643
67512
89695
73874
66432
60583
54533
80609
64757
57545
67007
53247
59277
65475
59073
62684
62659
48036
50309
58872
56572
63274
66417
66699
61656
57157
64056
52752
55585
61806
65015
65996
63905
60482
59035
63044
68951
62554
64249
63526
52400
59100
66814
52465
57896
57803
60870
53148
61277
59210
55683
59360
61286
55092
77433
57891
51619
52169
56474
57858
60448
53743
64434
57000
67944
55184
54796
56420
69874
52921
51636
63190
54722
53049
59632
60758
56042
60493
54415
59166
62734
56978
54381
54207
51829
61616
59377
52227
57096
54916
75102
60448
58132
47751
62106
55016
68697
88319
82162
71897
79226
71731
59065
67600
52830
64015
53649
48550
57666
71170
55964


