201023
231015
195619
55916
50487
57812
46882
52943
52774
52760
51416
51894
47656
51654
52840
51930
52233
56519
51852
56966
57479
53157
51156
51116
47111
49161
55808
52271
50610
51513
55274
55679
51847
48539
52957
63673
57627
54288
47706
52292
51699
57144
49408
50753
52682
50944
44472
46987
50633
47057
60041
47569
46377
50243
49208
50161
49889
51103
49960
48592
57005
52915
47220
48840
56109
48587
47334
48722
49254
48285
51242
50681
45568
54342
50954
55002
50025
48293
48339
48256
56967
47340
52780
46790
55838
51726
53082
46887
47608
55103
54231
58818
49727
48504
49487
51022
49823
43548
51775
52990
45986
52433
50933
45911
47795
49940
49574
49521
46321
43888
53040
51209
52433
49621
46534
51086
53776
50930
46776
48604
51515
73238
51992
50598
52271
45031
49494
49729
48247
49937
47436
47650
47719
42876
55617
49452
47036
43523
46441
49334
49183
50046
53173
43437
48379
50877
44883
45466
49422
44005
45132
52893
57784
57452
55494
58751
46277
45598
52736
51716
50287
50615
47242
49299
44346
46996
47879
47698
51286
49629
52430
51876
52503
53877
52234
51914
50506
44301
48031
47599
47776
45241
46137
45517
46011
52016
44746
47170
46397
48881
52282
44951
56723
48003
60912
51068
50328
48450
47404
49250


370619
332604
99545
85082
104408
53468
53366
50043
57107
49735
50749
47854
50425
51345
55161
49248
53748
49149
50167
58395
51931
51998
47970
47719
47787
48982
49001
52991
51419
46139
46943
54913
48667
50328
51930
50260
53198
51526
53408
46633
49618
50478
46191
50644
53226
50413
51010
54718
50258
54265
61207
50014
51781
54705
45881
47790
50145
52981
45759
46221
49674
52890
44927
49862
55535
52988
55395
45923
53727
55623
51556
43301
44034
48429
41698
54477
41582
48452
53775
53745
47029
50403
47378
47676
49352
50265
52026
48622
46883
46649
45703
49445
49622
56882
46894
48807
47270
46658
52043
48399
55184
49343
46375
46528
45438
48359
47192
48370
43502
56115
51367
50176
55876
51056
47329
48234
49805
46673
52589
48024
50171
48881
44037
44969
48388
48897
52357
49214
57848
47039
53430
53243
52118
52896
49348
50460
49752
51014
44437
52896
51620
49424
46258
44568
47743
45849
45003
43540
52792
47590
50716
49112
46101
46526
48836
48994
56965
48341
54593
49479
47772
70899
76796
46031
50709
47237
55096
46350
50373
50228
56988
48065
49779
47218
50359
48306
49098
50673
37945
49429
46561
45191
49955
56738
47959
50668
50099
46322
51781
47128
46785
49564
48861
51744
47972
49222
44176
48213
52374
55529


