11932618
3010377
4595543
12674663
17437324
3375567
2959886
1280699
8207056
1219548
8777809
1991887
4753075
5389865
12677876
2593745
2374789
4533470
2605196
2514567
2646057
997802
2414929
7479903
20599965
2252234
1899523
11593853
2217827
4711219
2603319
1542297
8802878
1206846
7613104
2560027
2388172
2564236
1179411
3101796
9993978
9343126
5099077
10619862
37621093
2549908
2410526
1511973
9840103
2536215
2490861
2546407
2564298
2542304
837167
3589800
4856389
21471562
2478255
2975258
2819440
2237881
4744590
1464130
5024202
9535643
2485934
3425526
4053803
2474566
4409201
2978379
2370314
5053405
1885076
5685193
4478189
7920022
12655200
23325209
2625605
2620633
935080
7687641
7540904
4379685
7732658
24839253
2532140
742621
7601380
6279934
2646026
2623487
1072832
2036909
8936771
7473789
16791176
22397386
16377120
1791314
5459021
2411671
14695804
2651815
3255837
1668672
8666940
1715987
6437449
2603867
2348546
3990796
2630634
2465151
2485975
2619297
1638639
2329099
7935042
16647232
2643219
2402083
4077968
4958699
4431662
4038713
6828204
5664128
14727590
13914114
13125991
16561179
62553018
2433634
2564923
5973678
2557784
2577714
2269246
2783863
7905164
6286225
12326368
8433932
18581885
877869
4896768
12106624
1484173
7042259
2529885
2404584
3008566
3610620
4640167
13941324
8008144
12212324
2625223
834079
8925168
2612896
4540543
1886268
6377564
2382579
4430882
2694730
2465452
2572229
1332977
7198034
2693761
2037078
3222377
8761864
7303535
2579810
2578219
1739795
6091500
1704891
2882753
12990377
7246463
27020814
2521785
2583589
2683210
2665869
2897014
2003924
3978392
10289528
2496363
1059206
2268967
19239133


21913859
18803036
3135014
2774367
4104946
2469638
3640534
8312867
3036405
2847094
3151446
2339494
6238931
2792743
2563012
2796945
2619911
2103845
4185053
2856837
7982018
17123957
2473706
2378228
2413971
3434406
4471946
2687120
2530296
2812002
6851809
2572952
3001935
4946316
1787898
3320627
6818759
14755571
2501904
2575969
2856293
3640235
2532191
2522619
5537919
1648643
7057275
4823727
3046741
1846921
8199712
8123228
2576839
2272865
4435642
6683829
1184064
4618331
7910637
10443188
17595325
2363295
2823558
5398086
3516003
7198746
23518104
8636734
17536461
13046136
26940616
8740263
27378082
2434284
2401805
8799657
2409717
3494409
22948059
1458143
6984428
2582044
2690426
3135287
3074003
4651834
3492434
4614888
6066967
9389342
2496146
2493524
2198372
5790856
1205289
7662228
2666478
2145186
5684588
2931958
1449630
6894371
4724909
2453312
2579451
3036940
1895498
7138736
1276726
7504290
2235943
3030007
7640836
2154817
5460317
1002511
3437887
10259924
6796977
6463538
30548809
1702786
6339947
5573966
2234184
11048161
1173907
7363504
1341142
6102244
5664352
11394596
2614022
4189425
2856551
2692002
1554401
5239060
9116101
2537960
1783624
4572486
7638684
14016729
5618878
11425528
11790758
6297738
38741047
2427502
1126985
6919726
8470661
2570012
2357079
2238917
2566558
7949573
21300189
2447918
4005765
3073398
8932006
6885668
2214562
12143500
2417278
3123806
2875820
2561206
2953644
2602775
2681004
2610729
2562307
868112
5788545
5336829
5154744
25987569
2502893
2585927
2614314
2591132
2766583
2680952
2468406
2453513
4418755
2660927
2405702
5189126
2111836
3996231
8484964
2325018
2851441
7494237
4042310
1850729


