3483555
1547157
6590779
8366902
2902500
3981252
2741861
2239770
8080389
2799526
3658485
2170539
4484728
15091939
1332386
5151334
8149385
4516734
16055389
2699284
2627429
1999112
6873492
658156
8243370
2782381
2872738
4592474
3020799
906821
3674271
13486569
2851537
2689191
2786654
1054706
7722147
2667586
2072229
7931315
2624561
1934782
7057658
2602735
3982235
3297431
2759878
4057938
2808493
2750655
2094820
4642408
5970526
11908972
2820527
2803465
2717410
2984075
2690832
2680512
3095783
2732821
1958888
6548779
2857364
1262327
7467342
2818595
1978191
5687594
2744903
1942780
5497629
2811910
2098558
4629691
2135009
5283263
3528278
25366897
2807854
2847695
2787103
2697447
2772199
4277839
8548635
2594140
2647282
2641792
2707461
1595385
2476017
3483860
5623926
6470958
7471335
26613733
9204320
24629239
67537115
2872753
2774120
1210126
5946138
7869438
2691118
2697523
794958
8408508
2622161
2615775
2204997
5095212
2669502
3814824
2456007
2168230
2644401
16956784
2783702
2807073
2796298
1436033
1833786
16165610
2604254
2538455
3884668
2770971
2697649
1361862
7479876
2668349
2699035
2532295
4967530
2646444
649653
8320228
2263994
4509839
2557756
2761764
6451737
8320918
2711998
2117472
5199769
3151255
707355
7368011
4567903
7498662
6640438
6467087
2654946
2672885
2547956
3948043
2763685
2853520
2659705
2311358
1327664
10794911
2806189
2801993
2618363
2034096
5402717
2660511
2658035
1914656
5845484
2634827
2741158
2695476
2129712
5609130
2704937
2834212
1126619
7204030
3083860
9119840
2757154
1772498
6262611
2750947
2478422
3656740
2882185
2767155
2658252
2775128
2246508
5040790
1827773
4037440


6524209
8917101
21153556
2900868
3047261
2945112
2774436
1440076
6126900
6780050
2852235
3035023
2726789
4305369
1035927
4229460
5360240
16809018
19245466
2717356
2676839
2697108
2691143
2817329
2479735
697210
8082626
2719098
2077101
3362672
9027743
2947466
2708495
2184337
3596385
10470347
1410341
6990453
3816237
3298914
5997727
3410396
2345640
4729848
3808153
3213583
7234470
4337391
8039280
15061435
10323770
24741754
22120925
37772053
2639550
2777822
2842301
2587574
3151642
2414103
4068520
4919544
2736805
1698042
6199112
2695205
2474937
5279244
2687313
2546194
3738382
2629190
3803877
2663248
1262373
7300076
2715477
1856725
5555617
3259771
5219431
2712833
2786333
2745894
4001896
2870608
1487459
6820798
2684272
1465803
6577156
2458377
4286196
3878909
6486987
2377837
3737880
4012836
2753672
12241008
2598653
2180990
1422178
7701257
12223786
2011646
5814828
2743436
2783503
2608612
2642639
2792634
2488047
4460215
2667812
1292429
4478056
10307650
1699026
6237899
3343602
2090603
5111817
2560892
4026154
1848108
5016604
4733917
9648719
2593119
3312360
2661749
2782479
1688295
5411239
2418898
7070784
4441233
17468366
12570302
6650340
35531779
1801709
3769822
7550477
7715782
2846807
13025751
2815272
2609110
1858902
4111970
10912608
1748596
6394879
1823998
6186764
2211629
5180151
2727721
1422854
7009512
2782508
2724062
2104258
5307681
3256938
3401072
2858477
2673721
2052801
6000828
7676448
1233690
6597997
3937644
3948087
21462513
2294418
4975689
925215
6659162
2674924
4976310
18634704
2603840
2487710
1605100
9829052
942997
7748409
2732414
2597510
2677474
2786517
2657455
3880224
2620899
3404447
2859892


