452309
271710
236997
358175
1072788
239491
249718
312327
2423153
301771
426125
2314451
611121
319006
979601
1561990
226586
347732
1028896
533000
1034811
557330
1042547
372198
493532
486724
575408
1079703
436820
258613
221788
917126
4052223
208327
267017
772692
510172
404682
265310
191198
191723
176365
761959
549766
286542
204604
184013
185170
244498
382310
353495
1617362
247713
934396
181633
491397
261041
174498
343196
227254
346244
193352
236847
186954
570902
934485
190131
1007687
231233
395594
446603
180686
514143
331260
209777
216127
184769
365809
380895
1821586
446695
409561
186763
227727
553269
427860
205174
1029809
199701
185396
405631
756506
916615
257620
208286
182613
897343
281477
891482
244079
1196456
178251
389989
474610
430237
195967
244786
226120
204537
469689
389207
181914
176766
345498
679470
178387
344425
227772
224957
180499
408394
602063
1676118
1981523
185264
186085
224999
205893
651959
380794
196561
861726
190426
687551
207945
1697918
809763
188881
219930
372578
1180134
223106
411306
287998
177884
178639
176087
183729
630553
228785
195063
512145
365327
937195
186471
256069
188279
344859
242031
586846
176482
274519
583087
262115
462893
186629
186259
198589
187026
185346
584215
237665
188237
232289
178085
212034
341985
222357
227533
185836
202935
187715
200590
396438
430587
408333
525319
219130
464054
416957
181646
2082222
365471
174439
1011121
392640
245682
268057
204598
272775


