40287
49534
29624
25558
26410
27026
30950
27610
48870
27334
28503
31998
23430
36963
26013
38197
21581
39311
26026
34769
38155
86162
30500
32137
28055
30048
216756
32745
27788
22217
29784
29982
23014
28254
23159
27641
26198
39718
24667
29527
32254
27137
40394
39627
29212
32774
85782
45202
22933
23380
22977
31938
21295
53815
28478
32712
23515
25765
34675
22580
29353
22535
33418
32506
29536
23231
27156
32980
23963
27815
23662
38715
43699
26161
75780
91865
27179
28525
27221
77785
27360
33246
27820
45437
53396
29705
33302
47633
38304
25813
25605
29559
30598
95115
52805
32581
40406
50303
34096
33795
35347
47180
57010
40125
26195
47130
38581
28869
24057
41422
0
34139
25111
29027
90182
35577
39932
27049
61631
28071
23795
29308
59959
29041
47553
33239
37117
91065
37987
22677
83984
34664
24420
37157
58685
28990
57769
29399
27393
50117
66669
28616
40581
28305
29458
47667
43815
82086
40895
156273
33721
64627
32228
34329
30868
42079
29494
35303
42932
33449
31172
34228
32034
28942
31545
28108
30833
29560
93741
41030
59269
35124
27478
28832
22243
34261
28639
20989
41803
39023
30818
29135
35005
30324
35565
43502
24575
36256
32473
31718
26966
27229
32987
27564
27712
25860
31232
42353
30725
34102


48093
70289
60698
42079
34664
28260
35181
26827
24440
25235
26183
26808
29209
33694
25624
88305
26448
49548
31397
33211
36971
29296
34726
88435
68143
32667
29334
26925
34595
44345
28703
29148
33315
33755
55518
27225
26121
26624
32533
36715
47093
49213
37450
40062
29492
40334
28450
52890
37376
27723
33584
24189
27756
26818
24944
71911
25968
27597
26387
40112
39551
38404
28702
31845
30361
26108
32577
25580
26930
27882
26452
26012
25367
31203
48779
25972
28228
36908
31294
21952
28528
44121
26522
27908
25762
24612
46620
33917
25563
42371
26975
40869
21382
35276
23572
39779
35855
47518
37102
28095
35403
25468
30315
36998
29045
35650
27878
46283
30383
32772
30707
26274
21898
83861
73806
31159
28662
59122
39655
31829
27893
28037
86757
88318
38577
25188
27768
32993
32115
36618
30807
26389
53767
32357
32745
32867
29080
27677
32959
46753
28440
29623
26706
26483
30708
46784
23354
45833
23254
29062
69228
23340
32212
100969
37930
53574
23353
24860
29163
29906
25240
28246
37413
51015
19896
23589
33177
28413
22515
24310
24583
23675
31014
55252
36008
25865
25503
24578
43521
27191
32024
23268
19194
23331
28266
20849
43238
28765
28800
24461
20865
23682
19849
55483
26614
103368
23692
68034
27203
23706


