25698
24907
47830
20840
27391
38669
33799
26420
18944
32283
17396
54263
31740
39829
19866
23416
18501
25367
29603
30980
26337
29477
45097
28148
26583
23113
19776
19069
17572
18988
17890
30350
39482
23569
26909
27026
19532
16984
20182
18008
17261
19047
28359
24262
22360
28565
23012
46296
21019
29458
76614
19542
100901
23597
39731
46764
29855
22750
25600
53792
25788
24695
18393
18698
18221
22967
22394
18105
23853
28439
26226
32657
29256
25085
37107
21660
18388
18085
19366
18003
22586
18812
18002
25704
23699
19626
20452
38061
20178
32969
26601
19953
21850
21032
23041
27128
19923
24135
20189
24763
18938
18882
78181
31735
24679
22718
24078
29768
27395
30470
19248
32140
15702
27084
25051
19052
40559
22568
23118
29941
27570
51934
97372
93224
23805
40957
34682
20723
18531
20669
25097
23593
28249
21091
34911
27660
22470
21305
23102
21474
52373
24829
20639
46416
20531
19120
19802
19688
24881
18614
28531
26228
18068
55700
20905
38614
31532
18209
25486
29508
18229
18064
24624
19162
17698
19760
24796
33848
40958
36071
32200
48216
27889
18573
23310
26340
18746
25066
28439
24567
31909
19632
28328
20451
37992
24106
19428
18748
20309
31929
20902
26774
23383
19468
25439
17774
69500
28049
17667
25837


30181
30827
37374
20167
23973
71914
35126
25377
21516
27946
23020
21890
22808
25004
21318
24790
20783
28463
23907
22125
26053
26737
25598
23984
28700
30675
56183
85357
24503
22455
25300
22968
22062
26869
23423
27288
28214
24665
42024
22050
31113
21088
37447
24814
21722
24456
27750
21884
19715
26559
20519
23698
28569
34201
33591
25716
29401
43044
25859
25374
22987
41462
21938
24298
67157
22750
19008
22263
27470
25642
19590
24952
27284
27905
26333
23963
25141
25722
22874
25224
20560
19422
27128
18761
17534
29261
26704
34364
27053
31296
29294
23548
24800
57891
29102
31013
34291
55998
21290
19678
18749
17174
28006
36678
18848
75858
27787
26093
31510
25331
24178
26099
32466
25298
19049
25985
20623
20513
19781
18281
18316
44162
39159
24731
22875
26283
29838
53269
37084
40361
24111
24447
27032
18805
24196
58901
19437
63890
18138
22926
25978
80347
22879
35032
55969
23738
28431
26475
29608
35785
28652
17700
17675
18865
23733
18243
18387
18076
24718
19178
89566
22548
20839
18730
19824
37140
23214
18706
16666
61817
33034
19982
18474
24528
20005
26031
21214
28392
19912
42926
18743
29193
49072
42887
18670
27884
34145
25408
33549
58364
20173
28990
16745
24884
19307
18568
22603
24315
18512
35533


