180822
221183
839933
599956
379647
184751
1289114
247509
207046
228182
172808
178881
218017
894146
763064
182113
1288252
713860
175028
186501
176037
187532
476481
369843
886032
227397
827521
220827
178288
369300
353273
657739
549375
579563
228261
225942
945066
182585
195849
463334
1651537
1245201
758833
198116
175943
180151
233107
403450
168020
185403
216361
183333
716827
406760
395953
184391
179340
183186
177193
182396
177602
175729
179281
543348
423964
176311
343354
177452
169169
787173
361042
342717
197456
598374
224980
1066443
217123
205181
193266
213556
178778
457538
768446
953629
355965
169409
197366
402733
361093
189225
277918
223653
246683
534300
1426387
614426
177423
873329
208277
393282
171975
238541
366823
183232
175253
211592
180374
548285
185559
418337
733056
632030
752608
199334
216170
173702
180909
179969
185256
273430
181439
184264
250439
254261
615303
216006
177391
179422
3615727
988885
230844
233405
945739
176186
243391
391048
423859
845156
783207
991902
220453
183618
184005
179432
178731
177110
322845
386947
472112
959343
1108404
596344
170429
219286
339784
777504
570226
182086
416043
387676
808129
177529
579019
229411
483039
223440
184754
897781
185019
266634
177660
368781
178354
270243
484399
199569
1984357
178438
175131
359363
176524
1724683
176120
671544
211981
169035
173092
527680
253207
313257
361637
192339
197927
347348
196457
393922
665809
794456
187982
176457


344282
224688
445914
1950586
220563
181350
743934
1333067
352651
178386
343033
426443
229935
516865
173350
545705
171135
364242
455716
414325
229785
640036
352941
361779
643875
257846
365511
176405
176444
176073
216904
1184783
214011
1112651
190239
177733
1379594
229466
211830
193606
187699
202750
1006366
188061
248605
173154
186662
593673
409243
170942
169887
363964
172983
390446
928016
200931
947717
1601059
203731
384606
390904
217486
173063
407847
171707
217590
334583
170098
511991
554635
349574
293241
211224
341539
1401990
190874
189403
342669
443704
179141
209246
550297
205184
251017
169715
184136
221333
478160
228108
438189
609786
779116
189064
182224
320753
178228
177687
944263
183760
178929
170359
369632
179357
442807
169009
244585
182544
179206
177522
181546
355857
380935
446684
176403
176467
174143
584097
180701
183336
286918
202951
178529
384826
379594
390068
444337
225436
179277
177819
174887
1245183
170741
253156
170507
394384
168667
214360
588105
246061
1271737
179178
177008
231900
409797
491622
218753
460179
917786
737840
186856
180586
176521
176707
406508
548637
225617
189803
726419
176669
403030
336528
229205
361252
178857
175734
172766
227678
393605
632470
173656
1710109
187980
173677
340584
177660
172989
699585
576872
193035
182236
1085739
414273
178726
175011
383643
172493
180890
211866
182695
828219
653374
745325
275462
231675
362913
524409
218365
727488
404492
207466


