27386949
10679238
9013828
9189995
9218028
8945749
9371579
9327404
9126748
9322959
8721635
8818122
8533483
8424778
8594068
8485578
8520719
8467318
8539043
8466548
8435760
8353506
8874278
8933419
9042425
10053338
9272093
9120749
8734497
8586717
8668746
8660352
8915881
8385480
8485621
8533863
7950181
8686607
7911327
8249174
8414778
8429293
8551155
8446870
9099056
8504147
8433874
9000681
8638133
8394930
8573072
8484023
8288039
8404449
8606307
10294436
9434647
8852726
8484519
8476213
8546255
8448728
8514595
8476786
8619819
8399034
8606804
8778451
8377836
8533027
8624169
8261297
8364846
8483252
10651000
8885637
8375160
8396166
8378690
8538730
8392273
8556776
8427837
8355615
8585241
8505301
8521293
7897731
7971717
8197788
8189455
8499473
8588699
8486888
8704608
8563870
8267833
8379744
8605758
8424662
8542192
8551451
8322419
8462736
8533750
8486595
8517811
8402112
8588894
8218136
8476661
8602690
8398397
8577076
9123681
8529332
8842296
8774353
8536210
8596349
8414481
8375330
8485395
8570478
8413405
9502058
9117723
8412537
8581184
8539803
8559755
8484294
8513399
8501421
8297561
8516727
8633755
8154993
7979755
7939969
8300638
8423082
8443684
8395350
9300533
8700158
8633911
8467994
8650418
8545730
8555750
8488229
8429216
8216622
8646754
8681003
8408095
8495090
8678721
8199631
8462189
8485334
8424207
8717392
8425275
8361781
8383268
8460147
8597426
8523651
8467140
8319764
8490442
8647188
8529117
10825377
8802283
8879284
8540867
8743846
8629947
8355017
8698510
8448220
8255084
8469819
8486790
8643400
7837214
7876600
8059346
8375216
8519349
8308165
8506192
8426395
8313703
8283967
8502588
8690152


27387431
11343882
9300726
10205168
9246567
9360957
9432647
9433654
9325296
9159139
9000631
8889156
8636976
8329293
8486951
8623562
8234873
8491731
8631685
8368827
8535355
8452016
8333628
8399491
8500938
8458904
10693028
9356262
9982648
9118148
9302677
9031467
8875378
9475386
8951846
8478533
8509116
8615602
8197208
7882630
7841828
8274446
8381470
8476666
8381308
8494351
8735229
8488651
8411129
8503291
10188801
9436358
8843947
9364195
8963436
8736003
8895305
8342601
8637110
8601666
8200558
8690530
8598415
8333694
8556460
8555079
8344703
8460139
8894819
8396827
9042659
8883516
8317095
8411868
8538398
8457915
10702962
8716918
8683037
8240557
8504649
10304522
9143382
8806523
8886785
8255247
8425567
8490231
8395571
7786570
7868379
8279818
8356614
8405817
8323176
8546011
8380438
8338593
8559116
8509877
8469608
8368277
8476832
8576853
8198597
8675824
8626942
8342174
8804176
8434720
8257936
8391802
8491863
8404643
8563580
8618165
8233703
8438730
8661839
8502251
8507496
8456888
8576236
8188006
8513939
8739589
8377312
9334738
8894786
8381952
9197550
8900902
8496661
8751315
8366049
8318403
8474024
8457500
8447797
8384788
7783081
7963372
8208217
8491456
8514350
8360916
8563064
8485584
8259501
8740175
8656937
8736759
8615721
8467008
8287364
8519143
8470209
8388850
8522884
8395711
8350778
8401100
8488600
8393051
9102663
8870749
8704045
8190653
8490424
8790553
8425885
8497513
8646242
8341969
8439225
8507522
8383138
10762080
8646330
8354126
8406424
8443412
8443536
8542821
8448217
8305131
8440960
8566520
8445997
8366189
7824342
7871889
7906094
8439010
8497213
8251601
8613013
8659609
8200376
8325749


