22665313
8834378
7216614
7041205
7163624
6805616
6922158
7053094
6954085
7103405
6918940
6760350
6414633
6305698
6524196
6506855
6413124
6336325
6721097
6854688
6813536
6601452
7155587
6933509
6894128
6897597
6602993
6449175
6313728
6991763
6505664
6398357
6378469
6365032
6345398
6800347
6427885
6369388
6426524
6302905
6476656
6589744
6605979
6331825
6300205
6464424
6651931
6401231
6349644
6324525
6374164
6453359
6560726
6360824
6385917
6257000
6444856
6409936
8322618
6963450
6874647
6659440
7704258
7149518
7024454
6661681
6708774
6629961
6391962
6977243
6683777
6746503
6644058
6548715
6362655
6302551
6447520
6457502
6408695
6380420
6353661
6322710
6459183
6401342
6415023
6326540
6348943
6444020
6479379
6441182
6431753
6289768
6581741
6538098
6370003
6329398
6419249
6505789
6438692
6377890
6341892
6414518
8186717
6921318
6617233
6618037
6288016
6530567
6460320
6525927
6351259
6309155
6340064
6636152
6385684
6369482
6317375
6369035
6462588
6553833
6353719
6575421
6465860
6452969
6508647
6417517
6422951
6312084
6566310
6464255
6372135
6343610
6312301
6512435
6546809
6382889
6352498
6345027
6489358
6429485
6518818
6342763
6329752
6404435
6449736
6395661
6399608
6310888
6298629
6465131
6482201
6511475
6395579
6290528
6511453
6599138
6366702
6421254
6327166
6487357
6411047
6404659
6388955
6412572
6462542
6421301
6446798
6436219
6960879
6765294
9607455
7005485
6605539
6424533
6687385
6458428
6415854
6342964
6514144
6327669
6603575
6418250
6489914
6404044
6284000
6502261
6515363
6424767
6316518
6285403
6540597
6524601
6394137
6320384
6336235
6486088
6460879
6469662
6327774
6311651


23264026
9135065
6927281
7571299
7071584
7962927
7328949
7489368
8590568
7287545
7202264
7633344
7310013
7151303
6951573
6906156
7076328
6872670
6581508
6330744
6521301
7433763
7309058
7018567
6959377
6942859
6629167
6467442
6406004
6488492
6335046
6398838
6496826
6542666
6367499
6337897
6323631
6593520
6409647
6358827
6717343
6516074
6518515
6429996
7283957
7093597
6493142
6666575
6887550
7018556
6409787
6297805
6482006
7112625
6391293
6363674
6308595
6860829
6435822
6844260
6398522
6663791
6262160
6495675
6409961
7279370
6326734
6282424
6466575
6511932
6395637
6473084
6827219
7026057
6830937
6525151
6537080
6800580
6632324
6417679
6422673
6492486
6297519
6488226
6432577
6579483
6335561
6310995
6407981
6546488
6430528
6338366
6302233
6502543
6456824
7134487
6684458
6628668
6439262
6685667
6407304
6503607
6332683
6348654
6603966
6736312
6485369
6316626
6450344
6568647
6459511
6403345
6343674
6360040
6641503
6434536
6395852
6378163
6338035
6409530
6659819
6413740
9291012
6490620
6450578
6953016
6588734
6358085
6316427
6270837
6450715
6635102
6371537
6324716
6299818
6445372
6417549
6554372
6512480
6303805
6470379
6439868
6594964
6357580
6362053
6459350
6646187
6402400
6478088
6340018
6545279
6416732
6404602
6348592
6574803
6770516
6701067
6503124
6526002
6368926
6427249
6455153
6513261
6364044
6343864
6285715
6570334
6438453
6362620
6326794
6290489
6525363
6432979
7232136
7386296
6891874
7076889
6974261
6843431
6530424
6300098
6497070
6686859
6387392
6384760
6294082
6473331
6503214
6580470
6374549
6385824
6286585
6478447
6412886
6658445
6336820
6276506
6850836
6676363
6591038


