4499899
4725769
4022293
3859537
4547985
3864156
3804624
3796372
3608393
3641415
3551609
8946370
4327057
3710303
3948242
3818653
3665804
3589438
3570735
3401539
3577039
3577639
3654976
3529022
3530378
3551369
3383700
3471601
3439627
3559267
3539418
3468871
3478557
3402442
3718073
3375198
3613195
3573526
3475290
3516461
3479480
3446037
3611639
3569983
6033964
3571590
3620394
3690029
3805006
3553840
3580883
3312974
3493375
3464392
3292648
3451564
3595456
3589381
3401051
3295260
3496853
3514211
3487985
3491421
3503367
3461251
3562546
3626820
3425465
3590083
3425324
3359779
3496708
3614921
3585825
3577318
3769788
3557185
3781898
3878371
3647462
3568302
3760530
3486094
3278642
3409714
3434784
3442649
3726339
3843913
3484715
3570873
3419684
3439564
3750466
3498152
3492309
3578463
3542799
3441267
3634729
3435133
3435070
3635214
3486877
3549761
3443734
3684216
3533736
3417251
3558457
3533416
3411769
3717521
3379449
3446632
3592120
3508001
3448155
3498854
3577719
3382422
3662183
4938349
3822047
3486491
3717748
3447823
3565308
3647850
3496065
3439136
3740958
3761944
3572062
3296258
3522674
3606770
3453795
3548277
3531084
3458663
3530587
3490702
3517429
3499224
3532307
3408063
3658013
3380598
3457300
3321928
3564213
3368503
3461103
4325272
4198653
4325313
3903301
4052058
3632941
3503654
3438925
3413270
3406297
3378278
3540512
3426398
3482373
3564078
3637327
3395075
3474926
3463385
3277446
3702437
3457580
3228743
3542149
3603397
3499265
3713541
3490127
3584897
3512230
3781107
3560479
3488829
3643860
3443937
3359345
3399481
3524268
3380529
3772686
3590937
3538483
3758105
3589023
3385466


4942230
4225291
4316363
4132880
3823050
3873596
3928655
4012751
3605596
3605879
3658576
3711977
3824204
3629820
3683536
3724700
3788545
3313674
3410874
3450343
3490017
3555407
3510624
3456027
3317039
3358204
3382878
3648978
3462591
3460975
3709760
3484839
3391278
3611657
3475802
3438151
3553683
3443564
3490038
3677185
3543448
3645790
3560611
3418246
6159431
3429620
3562177
3394751
3480149
3577841
3503450
3410830
3599645
3402016
3400734
3522610
3413551
3318972
3481419
6254363
3322740
3390407
3556229
3377802
3527926
3402279
3439902
3424422
3432376
3547517
3591946
3385790
3379752
3580521
3505387
3545988
3574347
3343101
3363247
3498950
3525006
3543286
3623404
3628060
3373578
3543025
3488698
4609085
3367450
3460126
3685476
3683303
3575673
3520920
3560994
3596692
3673175
3411705
3489848
3410415
3335402
3727622
3577565
3401991
3475518
3679028
3560693
3524410
3462799
3574827
3612714
3542786
3448657
3474589
3408249
3610686
3201295
3398137
3386542
3448105
3514646
3483179
3630034
3567534
3477121
3488497
3467211
3394400
3494276
3428793
3521377
3532223
3550046
3551391
3399266
3960791
3695553
3532335
3508145
4514774
3394786
3543579
3545510
3341226
3398301
3545152
3404602
3390783
3439243
3428331
3516906
3409917
3493680
3529408
3630484
3709151
3573282
3471555
3381761
3581349
3391342
3534870
3546158
3504486
3298081
3506095
3528068
3361657
3578298
3451877
3413531
3552056
3491993
3317643
3643499
3452418
3424501
3767282
3452053
3580767
3558638
3791713
3463395
3564657
3535576
3647348
3467254
3549764
3595432
3508487
3458187
3454058
3540459
3291853
3528685
3459588
3664867
3409516
3552056
3472262


