4585080
4503015
4301007
4455582
4259275
4326090
4264371
4452622
4093975
4190428
5501987
4388620
4219991
4159384
3882604
4065333
4064399
3998681
3977829
3874205
4207585
3892751
3887644
3886357
3887750
3875924
9014449
4238175
3971493
4122028
3888103
3964598
3989996
3812771
3905549
3991358
4163063
4120199
4040948
4016923
3947442
3924480
3852912
3838268
4062515
4257562
3967575
4122832
3956883
4213565
3930679
3794833
3949424
3975246
3853877
3959778
3956988
3810112
3971760
3847044
4306018
4082463
3929084
3844071
3870359
3971884
3959828
4395172
3840773
3994851
3932246
3951882
3863109
3898637
4387916
4115448
4251666
4021510
4009012
3999414
4189653
3915544
3897110
3884680
4071127
3857530
3857766
3873802
3804076
4053576
4047750
3850043
4042460
3757173
3753630
4097803
3914716
3807713
3865892
3732428
3943617
4002791
3947325
3870807
3944240
3892144
3865987
3719487
3907902
3885248
3936684
3988618
3769960
3794983
4120568
3862177
3802526
3876191
3759136
3929248
3702746
4197591
4438466
4174677
4203375
4070348
4272733
3942284
3839031
3954301
3990886
3913791
3986438
3846267
3831390
3885790
3924326
3935119
3964227
3928023
4095867
3840583
3932790
3895082
3781075
4056298
4003625
4024883
4044930
3784041
3931484
3963392
3910020
3898246
3760163
3789756
3892929
3823613
3836096
3969017
3872289
4050621
3866660
3882717
4019048
3816658
3835487
3841434
4147504
4281031
4412970
4299648
4300264
3911142
3881801
4026162
3925666
3823181
4103724
3807888
4127895
4044344
4172252
3939418
4013651
4026406
3954327
3882380
3924464
4034179
3993823
3843418
3836898
4103369
4026536
3943465
4020881
3717894
3749171
3831822


10231475
5143513
4151981
4016325
4341763
4250987
4222868
4191239
4321852
4158806
4319717
4104660
4278519
3929698
4001764
4124763
4137322
4330030
4377334
4013863
4746608
4788358
3833591
4158023
3954440
4169424
3932318
3785952
4048261
3760188
3984060
4110537
3825145
3901192
3939533
3812187
3914044
3743121
3735322
4239362
4290939
3976521
4023115
3938737
4004743
3864644
4017851
4026228
5789201
3932664
3905424
3832721
3846916
3795015
3937171
3845499
3812636
3945141
3909727
3781793
4279239
4647541
4352853
4176610
4465892
4093844
4186806
3907063
4046405
3911911
3845634
3830398
4827412
3935651
4066857
3739567
3882731
3950940
4033574
3967169
3889810
3900192
3880642
3735822
4429224
4062994
3674852
3879634
3966884
3936824
3959934
3771194
3704308
3842538
3954499
3872585
3915581
3858727
4067990
4150137
3975510
4005904
3856278
3701475
4024589
3953766
4007877
4054092
3889070
4060036
4178341
4103167
4175368
4017165
3951860
3763019
3738557
3726637
3909943
3986637
3947138
3882657
3994351
3758988
3868155
3937428
3793735
3894656
4051113
3903072
3991608
3974102
3829061
3918798
3854546
3887233
3817703
3921834
3984432
4004197
3818464
3936954
3744469
4031314
3704571
3884697
3724633
3794464
3870576
3901647
3920119
3893350
4018790
3870360
3814048
3839388
4304106
4525988
4343812
4178768
4167809
3887991
4133565
3904572
3839278
4083446
3893466
3921096
3762708
3831267
3949349
4041586
3917150
4025762
3864130
3784882
4011479
4072932
4024574
3999969
4083414
3765413
3989255
3939258
3987192
3865594
3969219
3899695
4056939
3931155
4173861
3932523
4157209
4144151
3792215
4091417
3753880
4101192
3849083
3833927


