44765
46324
21625
49470
24631
24435
22679
23773
68709
18960
16629
52281
27721
30390
68427
34320
21928
23166
52760
46016
53332
22401
4032
64435
23178
26248
19980
22434
6715
69605
18966
13641
46019
75275
85451
113330
81121
49514
66529
196840
19606
30700
20375
23357
13279
49812
70102
79954
91185
72221
21278
9040
66997
69626
53504
56637
157707
92032
62416
29974
48054
33920
35232
17103
76624
174026
22197
21241
44594
9384
56746
11536
13112
95467
24911
27931
22970
10211
42295
30299
35403
38946
75890
22960
4289
39732
38661
83370
17902
27434
21811
12271
54196
56922
108463
22180
84960
92099
130511
84345
117201
92796
35098
55462
54610
8575
39022
26325
57462
81068
89327
14155
42483
53415
25107
25858
31699
22922
18101
17614
34918
33030
48543
11992
41324
27241
47504
46809
20867
34317
17256
15318
58150
31753
23573
33802
13651
44295
19632
32334
38208
15846
75831
92314
20023
133705
38580
30529
63125
34262
54872
21869
58164
29908
150936
11647
71827
49334
110819
41894
74125
109505
253287
329098
17301
40392
19435
40927
14659
71440
21960
33551
46303
18161
25718
15880
41656
19582
23601
11740
39953
21949
18351
16844
26400
20107
20651
14241
22855
17091
16624
18632
11099
65303
17715
10424
15025
26765
52505
100824


