58102
43421
58840
46326
29549
61272
128139
44274
28518
75060
100162
40534
42812
40479
25864
186212
10012
113104
15363
94856
41017
38924
49363
58658
36553
96459
19959
73196
95798
175807
40578
23971
81211
51037
20374
108277
42140
17110
62225
167636
47948
69469
41424
64175
70963
44191
42687
37876
30556
96642
12495
127263
43143
44627
33418
98365
40254
47269
44089
30569
89160
25083
131863
181362
27305
110561
24856
97217
47058
11804
71804
130243
50635
61819
132031
189001
571333
32008
106196
41806
37057
18684
70841
184282
53038
58424
12082
44980
11955
10082
24962
64048
12212
21421
15799
10758
11292
35275
46681
13726
13996
12257
18318
12393
17193
15500
18922
22508
11171
15570
14872
8589
26983
5870
31811
11739
12645
11711
10551
16145
35362
11762
4967
25208
30995
18519
43874
19039
19287
36510
25136
188164
14349
23031
15542
8378
25115
21330
29349
54878
45569
45803
145111
5297
28500
13269
12231
11896
17928
15538
15133
5871
24574
13933
25549
5713
26386
33965
11935
4597
21160
32637
16203
45468
10364
21870
11729
13578
11022
5174
44570
12522
15449
8605
53357
9002
6952
18042
34707
75805
10493
9220
24874
48715
12805
8473
23629
18312
14061
12023
14315
21791
11825
5903
32273
13236
9637
17506
12070
12839


36694
43736
113387
56969
267948
54819
56054
65930
70101
68650
87255
79179
67873
40956
179379
70765
68243
45779
205911
53454
55112
25845
94008
28375
25406
13115
11736
8404
7900
45018
8320
20971
7491
19306
41745
12991
14311
11169
11107
23398
11949
10129
12478
11682
10666
14233
11731
10830
10073
6389
38192
10160
13518
7491
23675
6863
8446
22975
22063
99900
11398
9131
12146
15207
11273
5109
7275
27976
50928
10574
9471
8135
20846
15579
12328
10512
19053
8276
8545
48722
10581
12695
11966
11579
13046
11894
11001
15623
5723
16930
20507
51652
12521
13253
14826
17066
12899
12957
19885
11171
12955
12553
6478
20534
7920
16187
8726
27001
10588
11595
10940
11376
11266
9958
11741
11003
8135
22460
11489
9789
12439
7715
11334
27029
34420
12132
10972
9791
12068
10803
3213
30510
11565
8631
8157
20388
5231
22803
32701
11875
13217
3990
19196
37984
11549
6871
18662
26582
10658
11562
13268
4954
28634
6471
28792
9860
12304
11789
11032
11539
10455
10213
4044
30866
2497
21023
42297
13471
12572
11023
23463
14789
12980
11171
11181
10239
11930
11261
7189
11701
43778
12385
4231
32599
13769
5320
32749
12171
4038
13742
19213
59105
12235
8902
14723
20551
9865
9629
8049
38906


