102079
59607
34628
42542
20856
0
33286
37962
20321
21744
24268
66052
77871
38650
65814
37091
46440
79228
51321
64457
41140
42650
30500
28787
29543
19817
19395
0
27804
28528
40191
40090
29106
22660
22953
19518
20052
19807
23763
23047
20700
18819
22377
27606
23801
19773
19867
19407
19346
19697
18180
23102
24576
20152
24072
19507
19559
34542
19076
19233
18943
23744
19121
18898
19976
25769
0
20352
18811
19417
31887
47119
20315
19244
19857
19426
27579
19924
18500
19219
42144
19702
19083
20280
39401
39577
32830
31098
42466
28030
19633
20467
19792
19607
18862
23441
28033
18638
19040
21502
34691
21757
22922
19193
18727
21523
22118
32728
18758
44761
38304
22632
21948
21487
22809
14198
17192
13569
23636
37931
19444
13254
26532
27482
19588
46625
27424
22942
210053
25243
25247
18181
40212
13373
10685
7623
35916
19102
18306
13529
31851
26014
19712
15567
20459
28548
26993
13654
13164
23301
13579
22589
12837
12999
9827
12403
10224
15199
14868
10892
10111
19315
19804
11082
11456
11371
17001
13906
11189
11937
12094
10756
11192
10891
10464
27197
16023
15888
22953
14966
17347
21613
20138
19876
15837
12641
12547
11663
13574
22421
51761
16979
11542
12507
14281
30281
16747
17451
14481
15963


