52346
22416
23111
18892
29468
19076
30812
24796
16898
17407
18838
16244
24792
20873
17145
16899
24218
17042
35630
27471
37084
17790
17420
16811
21266
32726
26042
58005
17595
22139
17635
3859
6865
4403
4192
4534
3439
4764
7274
4730
7342
4587
7069
5583
4734
4753
9011
4620
7007
4542
11695
0
6625
4694
4573
5523
4617
4533
4610
8209
4886
4876
5942
4933
5884
9297
4558
4734
4534
4641
4444
4894
5778
4703
7210
4610
4602
4652
29117
3808
4440
4549
3613
4304
3347
4593
3500
0
5630
5181
4345
5134
4947
5809
7112
4925
5743
4740
6712
4727
7133
4379
5799
5787
5767
4515
5257
5815
8238
4583
4508
4860
4843
5690
4525
4501
5499
4579
4583
4824
4606
5925
8070
7292
4823
7209
4736
4573
7073
5524
5951
4883
5111
4821
4580
10078
4617
12378
4568
5253
4666
4566
5650
3735
5423
4794
4505
8115
4920
0
4908
10746
5939
0
8120
5984
10123
4634
4904
9494
6648
5846
7822
8399
5772
4786
4615
4567
4481
4505
4506
7044
7069
4786
5548
11801
4799
4910
7252
7206
5080
6987
4682
7847
5900
4571
4440
5901
6324
6910
4759
4569
5457
4394
6027
6728
4652
7884
4432
5728


52775
20113
39213
17871
25319
16650
18762
16193
17242
15660
40837
27254
23861
17723
25535
16086
16078
18231
17529
26113
16849
68168
17931
18149
18000
25430
21849
17000
25027
47924
4716
10454
9361
3982
4537
4955
4333
3559
7757
6950
7104
9492
5593
4510
6061
4662
8748
8372
4632
6009
4669
4828
12499
4605
4637
4551
4515
4622
4447
7895
4395
7548
5531
4674
4838
7227
8238
5797
4561
5870
4769
9136
5726
4628
11152
4921
7419
4429
4467
4397
6055
4478
4639
5840
4639
4461
4494
4513
23405
4632
5767
5852
4534
7055
7484
4635
6074
9633
5812
5928
4752
6643
4513
4528
4400
9711
4568
5599
4892
4400
7357
14792
5427
5374
6902
4917
4877
4724
0
5096
7124
10683
5821
4614
4576
4467
4635
15982
8189
4851
4688
6947
4730
12644
7073
12371
5910
4625
4873
4496
4547
4636
4592
11743
9815
4883
11575
4824
4862
6033
7079
7080
4685
9687
4858
4759
9850
10697
6152
4915
5819
4687
4622
4874
9111
4551
5976
4629
4903
13893
4720
4731
4560
7520
12090
5017
4632
4711
4546
4799
5799
4735
5673
5065
4687
4814
9332
4586
8427
4659
4851
4531
8342
6990
4887
3459
5608
6777
5626
4689


