55292
29106
29758
23965
23393
23983
33917
26110
28244
43851
34383
21952
14633
18449
18145
18334
14867
30898
20961
22765
16134
22728
18185
22965
15320
14875
15049
15311
17036
15698
17875
22791
16015
19314
15239
16657
14728
13727
14292
15127
14242
13570
25804
16404
15603
16954
18030
14149
17747
14601
21251
19601
36206
0
45130
37017
40608
36283
26899
21174
18189
15513
16913
21239
20904
17310
19111
21028
14704
15957
16737
15328
15370
14774
20042
19167
18336
15751
17302
27785
28042
14668
18376
14615
14477
15670
14841
17210
14808
13919
14408
0
20541
20936
11632
10951
10160
15081
10096
9764
9587
10251
8060
13514
12435
11718
10217
11461
13927
23292
10903
13484
11436
10366
10235
13056
10885
11657
10386
10065
9497
10909
9862
11032
19574
13450
10069
7716
7409
8434
8156
7633
10080
9160
8163
7968
16445
7333
8238
9265
6836
6444
6828
5920
5749
5627
5562
0
8937
6212
13484
8808
6478
7873
6169
6078
6179
5611
5647
5200
5358
4659
4293
6333
5460
6540
5150
5450
6122
4509
4082
4284
16282
5916
5100
5188
5486
4993
6285
5125
5664
5134
4903
5188
5474
5125
5704
5132
6107
6539
5002
5706
6832
4591
4632
4367
4404
5134
4143
4133


52619
14132
18373
19775
14141
16340
14251
19041
13813
17741
14880
46731
14609
20556
15537
14669
15754
0
22781
16959
27625
15309
16341
21750
15155
16156
20431
15548
24957
35881
22569
16074
14955
3396
4750
3636
2852
3759
2902
4271
8633
4190
5571
4115
4719
6665
7229
7668
7967
7264
9157
12236
8710
7347
6155
12097
5504
4635
4309
4089
4026
4464
4382
3941
4879
4208
4485
4370
4385
4262
4038
4436
4251
4344
4241
3982
4086
3946
3910
3915
4301
4631
3860
4354
3967
4136
4009
3973
5794
4431
3984
4174
4275
4105
5522
4051
4200
5544
4132
4030
4096
4450
4060
4322
4000
4263
4498
4422
4079
4036
3918
0
4446
4682
4155
4159
4947
4044
3898
3947
4075
4172
3944
4416
4913
4042
4597
3994
4145
4083
4256
4152
4871
4248
0
5380
4191
3947
4682
4070
5381
4285
4042
4282
4241
4119
4200
4576
4442
3997
4041
3955
4335
3973
4464
4281
10146
4069
4101
4171
4404
4767
4193
3916
4209
4018
4054
4264
4009
4062
4049
3906
4960
4705
4520
4134
4062
4023
4210
3953
3996
4197
0
4313
4124
4197
5300
4680
3838
0
4849
5813
4024
3925
4131
3852
4393
4054
4849
4273


