262623
24014
23684
21466
42152
44185
65380
61090
30883
29013
29450
52049
29147
29000
41013
27140
0
53797
77089
71573
0
57815
49678
46894
58247
60088
42303
66917
47671
63238
38879
32397
27197
27541
26685
25370
27595
22299
22326
26731
27508
22889
22405
32173
26453
22576
43625
30564
23467
95053
22350
22575
22246
32313
33416
22885
55213
36935
22301
22459
25116
24310
21637
21266
21936
23851
33742
27278
42082
64216
47285
47239
0
241493
30274
46222
26530
21477
24527
22700
22301
20921
22554
30883
34633
23423
22758
22805
23413
25912
22121
22781
25264
36010
71240
54219
52500
44814
46573
37599
42269
35785
31150
30034
18270
35141
33755
22588
18208
37722
73521
50411
31608
42343
28258
26957
38682
36467
31083
40755
35112
41555
28718
37420
34222
31200
33041
43279
28639
28696
0
37505
28249
36846
29147
23621
22142
18575
17857
18277
18728
18729
19242
18304
17907
23613
18283
27603
17968
12281
15132
15114
14965
33392
28253
15673
15443
40044
19949
14978
15059
15091
19857
12988
13420
10916
10930
15330
17167
0
16104
17090
17197
28153
14711
17430
16012
16859
15036
19495
16231
17159
11720
12947
14533
10986
18042
14199
13609
11093
15357
30026
13195
11361
22498
13456
25023
11933
11349
11207


59765
38363
16345
19749
15142
44566
30493
19058
19390
15350
26608
21715
0
23977
21238
19705
19446
19281
19565
26966
20020
19715
24212
25634
20487
29768
39683
36931
194895
39219
36641
40578
36473
21439
19685
27375
19721
0
32001
34368
46590
21603
19487
25825
20068
24727
27257
19749
20331
21250
23789
24283
19058
22725
20588
25203
29139
20362
21480
20208
0
34901
35486
42425
56325
34091
36777
53435
31523
33095
23994
47664
30079
22607
24168
21032
23727
19061
18385
18414
22139
33462
25159
19459
30850
28250
15823
19811
40271
20840
0
24680
25933
16997
19557
24331
22608
20036
27617
19154
15385
25779
21720
25966
15500
18693
30754
27389
38465
62658
42207
61897
39982
32792
31352
32296
35015
31306
152813
59853
40968
38749
32126
51766
0
34350
39375
28533
34356
31076
24960
39744
25851
25482
18894
50177
27022
35141
37931
25588
23233
15211
16403
28593
17840
17236
13203
87055
20851
14220
13898
15123
16247
27163
19606
38930
14990
14794
17528
14574
14610
0
16211
16245
17257
19957
19137
17471
17391
17291
0
18785
8897
10759
10899
17421
11216
10851
10780
10814
11632
16111
10992
11355
10681
10842
15195
10983
15496
18191
11153
10493
10527
10866
10537
12317
12250
10757
11983
10762


