221631
117083
114522
110570
113253
112404
110988
116670
117532
170250
123177
111636
111442
112061
106156
108738
110568
110314
153207
112340
109474
127154
110746
108612
111435
109850
111119
110301
155483
108117
109083
108075
109836
108624
133318
398655
168446
330367
268607
333289
157114
172895
242271
152530
184687
149266
145840
146951
148558
152286
145561
143990
146713
183297
202824
334122
189308
149296
147830
154517
145923
146832
149693
146317
150337
143524
148740
146536
145999
146932
164293
148154
146753
145452
146378
148969
147161
144207
144874
145145
149568
143880
145423
145976
147124
152029
145222
148150
155254
194513
178832
209430
147035
144574
145658
150552
144688
147434
144958
146728
150942
144522
142247
144992
142808
149269
145988
143852
146150
95385
98879
97125
97091
95239
97998
100404
97629
96816
144942
205504
191210
147237
208493
283235
115081
104269
135976
111970
143608
124695
106890
165131
102602
103586
99720
99972
96307
81872
159232
92942
75686
76798
71642
73042
155775
74486
74985
72145
73656
73387
72488
77186
72644
72250
80767
75373
76245
72319
72669
85720
73599
73951
75911
72462
73080
72217
72803
90853
166658
112953
76185
83679
81589
74655
74413
72208
74329
91418
59337
58363
59028
57268
59784
57646
57668
58083
58164
59676
57972
59700
59323
58906
59621
57687
57874
58314
58180
60040
58241
58038


175719
149433
150429
287747
318587
155486
151990
145110
172377
146457
144751
148796
148776
150513
144937
147144
146917
149366
154547
147106
142694
147358
176408
156240
148027
142355
145992
144107
180574
157707
182348
144171
145294
154687
145361
144509
150405
145245
196196
145867
144561
143994
140604
142513
150034
145825
144930
144660
140852
164375
188716
264049
247509
148891
153503
146001
145930
142844
142428
149426
143445
145870
143297
143722
156425
143339
144407
177080
143219
148284
143720
144239
144643
144223
136905
145692
144631
143986
171934
145215
148698
142281
175969
277717
149570
180040
98059
194859
99251
96830
120643
97154
100881
96880
95320
98708
96297
143926
101144
184639
134485
96080
95413
95658
96358
99561
122360
96720
110803
124427
137229
100445
98993
107716
109749
99664
105091
150327
71959
71979
123630
114860
75306
102884
112509
75277
112917
102586
72138
105290
87795
101099
105883
102521
83047
73291
74212
71772
72941
87638
73714
76421
71478
72166
71077
76700
73950
73145
72570
72409
72235
71904
73232
71194
71729
71445
91332
95550
122983
82918
57594
59834
62313
57274
57953
58234
57955
82665
61249
58808
57601
57236
60368
57076
58253
58574
59819
74871
58770
59222
58951
58240
58901
58720
59016
59795
58278
60718
61578
61262
58861
58635
59594
60214
58531
61881
58472
58636
60047
58874


