148139
103139
136010
96833
96168
138237
98083
97766
94105
98045
95408
95725
101107
98441
95026
95039
114338
97221
95568
96312
100159
99898
95495
94042
93793
94448
124805
96656
92740
101924
125583
147467
156268
157069
157460
144316
154807
159206
158165
158784
143018
97535
93526
121008
118957
121908
117953
115681
119541
116229
121217
116982
118299
159340
177807
162922
202659
202449
260953
224315
191386
211410
192956
192530
202165
193727
195581
200329
198680
265361
203243
190627
119602
130664
116430
119661
119045
117192
126277
116568
114380
120979
116801
118691
115347
114773
126522
140088
114780
121482
113893
115515
120766
115864
118157
121556
121393
114908
156034
121141
118911
175348
77853
94478
79231
77445
82091
78541
81587
95631
77061
85333
79793
75832
81013
78451
82075
79352
75971
81192
113044
81807
77735
79832
78944
81678
83001
81190
80858
78298
78528
79583
80451
80988
81150
78759
106131
58463
62757
59631
57688
57982
59273
58122
58592
65212
57671
56791
59180
84405
61516
58726
58485
60514
58266
58596
60521
57435
58378
58388
58937
61431
60857
57777
59802
61088
58192
60463
57809
59643
56964
57983
64030
65750
58002
58833
58550
58597
62628
56880
60256
60057
57905
60131
68046
49131
49097
45799
46046
51549
46430
48396
48923
46012
48018
50493
45707
46708
46663
46792


