61026
55978
56362
47928
52973
50494
42226
45645
49969
49214
62102
65788
55894
66717
60294
52638
52048
49255
56342
63741
62118
50576
56631
54144
59880
63195
54386
60161
63765
44401
49348
55741
53429
39470
15758
16210
15432
12440
14029
15195
16888
15493
13060
21917
17734
14106
12406
14195
12512
16144
13553
13268
16301
14564
19110
16850
14765
12408
12420
16901
15556
16855
16770
16819
16637
12939
15371
12503
10995
14589
12972
14270
19838
15756
18352
17143
24946
23594
36045
19258
14304
15753
13902
14130
14175
15187
15797
14338
12080
14296
11655
19048
16425
16632
14768
13831
15394
15646
19597
16921
13835
13030
16028
15865
14369
13467
13470
15536
22742
14460
13618
16722
14546
14758
15420
14719
14302
14672
15731
14743
15644
14618
13395
16441
15981
15191
17800
16110
16235
12144
13151
15334
15457
17644
13757
11882
13774
12640
13166
14806
16089
23698
15964
16035
14193
14656
13412
15659
16015
12416
12761
15437
14477
16175
14146
14212
14339
16728
14141
16688
12378
15883
11605
13053
13502
14100
17696
15329
14510
10437
17364
14117
15486
13133
13315
15590
13285
14272
11653
11997
15232
14251
14221
15593
15075
14308
15624
13951
14175
13852
15967
14520
12761
16044
16278
17760
18255
15096
17840
17077


80595
63170
67633
52505
67300
47701
60076
53057
56703
52717
44758
49674
62466
46327
61162
52088
57577
48765
88005
52005
55942
60734
67243
59647
54319
46586
59005
54708
59205
51255
43286
50576
15115
12633
15135
13980
14158
14437
11991
14483
13836
17465
16273
16500
13173
16055
14496
13800
14656
12871
15052
14837
18603
15466
14895
14855
14410
18583
12169
14195
12186
14674
14942
12991
14723
14605
16631
12588
15509
12542
19072
17337
12334
18222
15766
14547
16994
14267
12473
13330
12353
15093
15363
12387
17270
14773
14039
16581
20503
12190
14666
15534
14482
12354
17389
13322
18456
16844
15164
12582
16673
13867
14945
15412
12085
17264
12900
14340
14731
16072
15280
14709
13497
13264
14865
12376
12730
15626
12249
16641
17317
16293
13972
13574
16157
12949
15101
14948
14246
14252
12236
13843
15302
13927
13906
17467
14574
11928
15724
16151
14782
15974
16062
13820
15239
13765
19067
14024
15091
11895
12522
17236
15123
15629
14574
14763
13551
14814
13108
17144
17055
13764
14013
22885
15615
21428
31579
19516
28901
13246
15020
17068
12750
24639
10600
13754
17319
12723
15525
13424
16179
13567
11991
17911
17029
13966
14031
16383
15848
16608
15466
12998
11850
13835
12947
10510
15260
17360
16457
14258


