242369
148618
157493
191833
141175
144624
153206
130224
188177
157438
151648
159693
182877
155116
161538
151317
168792
163954
146126
181714
171131
138515
139445
149641
143227
155057
146638
128590
157216
176298
163398
152523
139438
147567
130809
160926
158624
134207
154450
130339
131703
147340
152508
109364
94858
67254
54976
61218
54901
61128
54409
63877
55767
51042
51771
59884
53129
54722
56855
54044
51816
63268
53590
56650
53319
67224
59497
47440
52442
57324
51048
55580
48547
52260
57470
48077
42458
44848
41641
41700
41531
35616
48387
44529
42879
43094
40676
46370
38730
40300
45468
38928
40375
45783
39152
38869
43911
43150
40884
38478
36010
38230
45473
43884
41710
41710
42689
40463
49256
37446
40770
40586
46716
37784
40591
40830
41750
33590
32432
35947
35910
31230
34242
32715
36461
28562
32839
29653
34000
31122
30972
31357
33548
29426
36244
36709
34619
35096
33244
29966
36509
30789
30621
47092
32607
32977
52614
53828
44294
33686
30738
39683
44037
37026
35908
30849
51087
32951
31512
32229
61425
41347
45370
30124
42008
35335
46426
28538
29333
25373
34926
28087
25849
36094
28119
29887
24944
32836
24303
29469
26763
33374
34692
28172
27775
28768
26642
26331
28748
27051
29416
22705
23552
27937
27039
27973
28150
26731
30979
26713


110111
84313
85049
91059
80058
148231
123134
161749
150363
146048
139568
135999
160038
162005
119702
152269
172077
139071
146622
168067
141632
136332
151261
150690
155218
142984
175987
138327
170040
158426
151673
158108
164969
173009
163511
170240
181192
164381
142872
153399
172568
151795
143193
143816
163530
158264
170530
142690
139881
145664
158178
150611
144696
145518
165590
241130
172223
163748
174036
143399
150981
150903
153626
153482
143687
140626
194847
93006
102579
98551
111984
121452
103861
110615
109126
94758
110503
103080
111890
93294
115748
123248
90796
111256
96411
94703
66544
69659
76148
80256
87819
78087
63908
74285
73558
76592
84711
66421
42296
41006
45606
36048
60369
37993
42027
42859
40356
39802
41789
43858
42499
46333
39842
43375
55878
44736
43369
55271
87696
49858
47744
35152
33624
36926
37125
33121
43825
38588
37725
40766
29908
36492
33009
43945
38692
30259
34326
49795
37167
41932
34955
35632
33545
31853
34315
33824
33820
30809
37358
29849
28741
34779
32444
31781
37500
29283
31299
36012
32821
32072
33101
29302
31679
34295
36152
33948
33976
33948
33702
34196
30305
29057
29627
26300
26955
29577
29664
28811
26492
23864
27643
25067
30391
28277
24847
30202
26248
28060
28928
23742
23377
26040
25239
28787
33773
52490
23016
29828
26205
27950


