1155525
3684913
2887179
3343233
4572967
3634454
1111298
978478
2051623
5924702
344174
874817
426471
1432398
3452964
1683956
1918417
2760605
4669986
4494214
136604
1191424
1104903
1393600
1825652
591704
2420395
398830
435687
509013
621714
562818
1360999
771250
2363577
1925804
4052320
2146167
2691507
3082093
2556399
1079808
1947504
1669343
4108389
1387618
4829146
1734700
3478479
6122550
4359721
6106258
3792743
2707262
8537086
2715974
4402564
4846028
7308622
16071908
4381990
8772837
2594686
8510414
8362859
5050325
3094911
5343138
19104497
6434366
7499651
14229003
8540736
12016394
9795043
10835339
21560362
2448729
3563174
8791809
8531207
11364552
11794743
7384872
5762536
2876894
3211075
2648373
6137471
9452068
14378116
4591493
2133136
10341780
15313675
395660
237431
420594
1004662
1634344
2694029
256511
346218
800864
3191771
343429
316023
1062408
716621
1275883
4121014
479660
1395908
2148652
2408119
1438244
2719068
1523955
1261669
1133429
292264
1579071
1617604
1890449
1152231
3466061
147917
644314
1884702
289082
274517
1885055
394924
152803
1167439
788062
340214
1106764
973551
944294
1687095
1863890
824378
834736
2201583
1938150
4939418
1371228
2795105
6225262
282144
1130254
941988
488849
597389
1632195
874863
3183857
1125593
1004527
2278672
1609064
1569190
8181414
200575
718115
1627814
2854531
785540
1265175
1085753
2026486
461593
191056
406008
1825785
1996710
809154
879976
827784
1280373
1357368
2161900
2184173
2052936
3422484
5653193
172636
994155
986170
255274
687684
2278142
1377591
3099832
1257458
3480364
7210232
434674
374429


1510747
941149
5331388
8196354
1391169
2000567
881164
4007006
502991
1520264
1975950
2152956
1150893
1754768
1556279
2295111
2876631
1641782
1251877
2492910
3252226
11299840
414271
383593
643075
1703144
302317
282634
1831727
397466
193158
1285219
1935387
1070857
1037661
1032407
433921
1941455
1006135
1497194
289070
892443
1093574
1176049
1296540
478289
2100212
3496996
1463874
1913438
1337642
1504888
3635757
1871137
1330967
1972856
2314457
4852393
1723448
5788919
4742208
1994763
7119915
3176190
4246226
3487564
3014754
14857016
1817964
7337939
3887617
19698311
440814
390297
440250
139092
1244492
388594
488485
395462
710228
1118892
1577459
2208724
2429507
1423211
3675563
3360986
4030644
3733671
3863940
4340849
5228708
3615912
3150107
4295405
2231477
4839877
2454011
16319079
2969106
2993982
3828640
4196328
2767927
3098939
12217600
8589945
6927330
5350829
9070519
9458868
7975456
41532496
162963
646893
710278
2315749
2189545
2596116
3346897
2178669
1844876
2461872
2060437
1316922
2861381
7930212
390488
399795
501255
156576
805751
1089132
633366
1612230
1147598
1039528
6145646
2036255
1808443
4210493
7020040
632416
383811
364155
921919
897108
286238
768227
891137
1764633
1746075
3941401
5560102
938566
1671516
2128486
1205958
4073786
341939
672530
1165922
374745
1266521
1625069
722428
201181
1198500
476123
2537416
422911
778338
301017
512598
1421773
1445173
378979
358226
584900
412547
431886
2228327
1519788
850210
2055395
3037538
2562676
3688489
2636900
6519335
3750083
4533662
7545150
455470
280827
1355258
683777
1106332
962097


