1699469
925714
714209
1736821
634010
463506
572680
522529
449679
924329
349335
3923109
505620
424022
500865
580853
1067898
1796349
627843
2752082
1337704
4910485
277549
1127868
117592
1047966
1302191
436423
455620
354460
504257
799519
2891111
898432
670723
2681565
903630
712670
1156360
1446484
595329
4097553
431944
436777
591028
775369
528669
1341949
1541460
966561
1680681
865726
2340765
1181919
3587944
5349960
392873
747840
241540
941839
916618
492597
349065
1392549
163393
971232
1268870
831716
332547
803744
388896
269687
406326
1578648
1520074
5945900
180379
1298427
200971
1312970
1616099
404754
736103
405086
535785
670933
2911194
473240
214505
1069253
942459
622112
658021
914912
4712584
169671
953733
1359195
898769
875312
746469
887173
1601554
1979403
1524465
1463972
1677833
7073164
346438
623591
605322
1374529
726663
782495
1479202
566433
1273321
1056448
2012044
7423593
267617
980182
445115
212587
807621
749974
2253768
428388
667833
415711
254632
936358
1189186
422620
200369
394999
1208102
1195967
4103098
1852494
1715802
3412805
409759
402492
410885
96219
1026373
1057912
990376
637119
602284
522798
1380347
2689446
348505
433075
407500
1260964
1178623
1620629
1499707
6506828
187208
357134
849462
3118438
398344
656712
387268
310499
387977
2049906
515021
1601847
1294743
2497610
1289666
3141076
2639240
1592698
880150
3346976
4089603
1142289
4155367
7077884
357173
514111
829822
593813
498189
903740
6903248
331411
667956
1010445
308723
918716
1059870
428770


1530541
1527308
636535
859708
701921
863304
3149761
3090977
3237783
4319480
4735804
7948513
495641
413252
791447
206846
655847
2132779
412949
288519
1386440
2078808
201232
1277255
285525
1263067
355785
791618
440824
458208
2158834
2636419
453785
427703
213637
1280213
112643
693018
1941724
622946
332579
292823
2035859
338887
484638
1239647
708437
1304079
930549
2191968
3109660
209810
666413
1183173
3618160
441431
392265
139749
756900
1672715
509635
795659
432975
345059
750146
1033031
189415
1179659
280035
423832
1446252
2299203
419215
350384
725037
991036
2549326
163002
1317970
204741
875544
1381508
431257
265879
312103
1973562
448053
455527
373384
727565
264009
557777
938047
764025
3821427
351917
797011
293405
419910
1185524
2382366
3538533
345501
669502
286935
1139546
575536
3475886
449004
302866
631529
1220462
418778
625745
383676
347328
1129578
770218
1714356
408411
353878
517773
453212
1092801
1464372
1517104
1827234
1744543
2068868
5565636
9135220
140972
1160754
500596
507552
1573013
435175
182659
1021243
1454822
330140
401255
886518
2033531
152558
279880
1631153
1340852
1829699
856064
4114701
430969
396397
390970
558695
617002
1912906
445786
384315
475498
1279163
413453
169346
1225626
317902
569942
1219211
335884
385687
951318
800805
1907837
1226892
4351693
268039
240179
1428739
1269753
2775471
438134
302250
949605
393934
511385
534112
663505
564469
762640
872551
1408069
4766471
1956536
4248998
2422411
1672988
1585197
3448016
1261819
2803999
3398132


