38255
24769
67850
29743
18322
28230
36177
17421
22952
23602
24404
25968
20007
14728
10453
21342
12313
37267
30440
34561
76255
88964
118654
108838
82448
67537
57610
63101
82665
65468
53960
159209
100164
53620
48688
45952
64815
55618
59514
49755
55110
48257
25409
22036
42866
26671
14056
31214
53853
71752
116517
88384
85386
110251
120060
72860
63917
87123
113711
123071
81161
78123
73943
65146
116880
77489
71348
97781
64993
8964386
101405
86960
93206
83937
70929
6929349
95290
79354
83244
133973
2617427
98739
107849
139451
52502
32416
38924
44596
44824
32141
86158
35119
43150
34368
22378
13464
12152
30032
28048
22791
19503
46698
63182
22495
37400
35537
32305
109799
39957
26212
32473
32472
38462
22965
12421
43091
20896
10974
17255
125191
35577
75416
35574
82774
16496
29045
103152
32226
38490
28522
0
36193
23390
26956
33917
43907
19259
24301
11076
137903
22354
37036
36542
67222
24160
29279
20264
27531
40154
28084
36068
52671
30291
18802
13093
22007
31137
11300
38413
12886
24814
26095
32878
16407
50398
13738
12169
15588
17643
21308
11280
14218
8827
23968
10891
17060
13829
25402
12451
16691
8966
9023
38244
11425
11460
8195
11270
10353
10714
13094
36875
15209
7248
14798
18842
18839
17702
8441
8135
11219


