124179
369767
102963
231184
666623
115898
70057
72638
114406
48135
50480
36550
27545
44792
38680
35974
111293
24966
23525
55753
24079
49625
61360
25940
93396
67377
19802
20707
21331
75679
134301
19551
95770
31926
47366
22947
34204
44789
31850
19376
18339
17310
32467
73559
157515
24401
35318
19606
186064
44104
57112
43825
39694
19529
17677
58041
108090
62026
33129
59526
48348
45005
32200
18892
68333
50914
93191
30593
17883
18963
183071
17365
95160
34926
23391
18645
34311
62576
89244
85962
103118
29792
24057
21539
21135
26852
76795
114849
39429
36756
22418
25092
22861
88987
35343
19925
18458
17844
34015
119445
88326
79052
61521
18645
18620
71806
31359
21787
17896
18084
196108
85877
32637
20140
32400
71662
20167
159545
59324
20662
62756
27775
19230
32382
183442
25322
19710
18046
112893
18942
18053
17453
36112
19985
18057
31092
17628
19242
118313
318617
17759
40964
42004
42984
20730
18047
89769
48267
32990
19208
17618
22629
17561
18619
143580
19003
56282
32228
102225
336232
19144
18763
17939
18555
21865
19507
31321
17617
159856
24100
33773
96759
19410
34252
37014
18624
75692
199171
286009
20085
28105
19411
19614
19470
82476
89824
72723
39424
43523
27548
77799
39756
39495
20429
33737
19337
19633
102027
30458
134874


