174436
22638
34403
18456
16280
23589
213089
19339
18060
47792
126469
18718
18813
115916
22075
33979
117673
176232
17763
130174
160444
18624
17892
108201
18047
18120
46847
21846
25457
19583
33942
635896
55483
17070
56148
43711
17045
16552
16674
16852
16977
31240
29143
16229
29498
287519
18224
140184
66566
15691
92873
22035
99748
17296
29614
18447
31776
0
19048
16271
49138
31279
29170
16683
16373
79772
30777
31652
157261
144495
31306
16548
16847
23076
32817
16663
56816
17791
16535
19401
17828
16978
62781
249137
16970
120619
16502
17598
17311
45016
20464
43566
17941
43684
157426
41052
17941
290360
32657
29275
207313
106562
42517
16080
16190
105178
28421
31382
56023
17177
16052
15635
169554
16024
43484
16362
16240
56692
52641
17073
17629
44181
29343
32384
30206
17755
29480
17133
17733
107456
17889
18771
16111
16295
16097
17330
26319
45329
107670
16958
16536
35744
18603
16527
16675
105636
30846
30690
16015
16209
17799
16717
17393
16070
32494
16536
56036
249804
56959
41384
41268
16597
41487
24801
32306
55777
16858
16771
55534
16356
29089
15584
41417
156677
29160
16293
30378
15327
29938
15845
15339
16321
16092
17569
191773
16228
86238
17767
15781
262842
16871
15847
17488
153830
54282
16847
101484
29379
15752
15703


268710
42716
20095
19599
33950
46813
30693
30811
109877
17583
19366
98611
31358
28233
38948
84757
18158
17172
414898
17275
16867
175906
43902
19921
45096
44536
69726
42653
19841
32146
30098
22515
159756
17059
17261
69287
69060
56612
43135
16129
17035
17514
16637
263693
18769
356289
16937
18994
16848
31297
81632
66292
16753
15837
48987
260070
80707
17207
18469
43511
16807
16242
16325
71072
16088
17347
259778
42277
16184
15285
138482
15426
115444
15534
16320
15848
48888
17900
16954
128776
18539
104519
163842
66900
29442
0
43169
80004
80309
15371
28586
16511
29798
29050
40851
40740
41503
15678
16265
22565
31280
16749
17058
42331
16298
66707
91983
28179
16633
17824
16457
42352
16301
40234
15781
15618
92394
16704
80001
17750
16766
135908
19677
120382
23758
32373
16672
42383
16462
16897
18279
28855
66686
152382
16106
56020
16794
116479
90207
15433
18721
16598
15814
29225
62124
19125
35033
72804
19574
19936
30599
69233
28614
184105
18254
17376
20577
16860
58068
120110
16319
29123
30336
16308
16638
30456
17002
36858
18777
94999
16595
18752
42478
17529
440443
19013
16046
29492
16556
17473
33485
136637
23067
18692
16822
107231
16941
56211
17719
39607
19890
17471
17577
16895
198680
20136
30011
17497
17184
16322


