68756
33276
41379
40691
60217
59977
19787
106622
96219
38376
17013
28928
16689
11702
9644
9837
8948
19839
13175
14700
10223
8321
13671
8439
7481
10027
13085
8123
14906
11276
9137
8651
6468
20487
17544
11942
11575
7697
7466
11161
8973
6995
42816
15624
9887
16841
7618
8167
7185
7640
6442
17603
7967
7501
6604
11148
7882
14711
7499
7354
6040
19018
26122
6708
6546
15898
35362
18176
26572
22357
7190
12479
8657
27083
15019
79914
15259
10691
11183
10353
6782
9587
17726
21319
19774
10579
27242
9346
6803
8277
13751
14360
41317
50872
18308
23093
24272
21439
24828
13003
12856
14651
14695
10838
45985
99342
23668
11679
10504
30425
92854
22995
19887
16655
9294
10643
15181
13809
67262
22012
20749
10206
8735
9256
8208
10421
9855
21272
10956
34138
7757
10645
9419
0
14779
9063
7428
15724
25348
9741
16165
8781
9872
23074
11884
8049
14017
20584
35496
44199
9148
11495
8699
9099
8560
22969
14083
31644
50339
21596
28077
7902
7193
7976
9168
7600
7311
12858
20788
40136
21778
9020
8116
8226
11010
10035
20447
21553
23704
6859
19419
6994
7132
9867
6776
9620
16952
8279
15255
25685
22793
42976
20911
10630
47307
14722
15292
18474
9276
8663


94529
45724
70109
50220
32418
58647
62728
35451
27111
20282
16703
41225
35393
26573
48298
31977
16776
12767
12433
28833
9667
80020
24682
44180
15825
17052
9714
38097
10178
36926
35833
8970
7184
8868
6930
9935
10559
6605
22915
15808
17329
8392
7408
6223
10425
37386
18259
53162
9725
11840
12003
15270
51017
11488
8540
13396
7805
45053
7010
11078
10453
11481
6778
6423
10685
6558
10953
7881
6567
20206
26679
16139
9084
12173
13535
7203
9333
6828
6088
8942
6012
7957
6503
21247
6314
6827
6185
7104
15330
16256
29277
39510
14123
14745
11354
30502
15986
16460
20150
16522
23803
33439
10078
10835
27278
12144
13399
11248
8328
36901
8816
7971
23260
15029
15233
9344
32306
21667
9454
14589
11601
21294
9549
10679
15863
8147
8045
31472
49600
10228
27097
44935
8388
17448
24668
111168
67445
36226
11041
8495
10098
20730
7363
12805
23887
8321
19175
11662
8094
15773
6865
6716
12659
10119
6770
12534
7829
6743
7179
8149
12818
22452
11445
8787
7865
20624
14952
14794
11322
13164
9016
28011
39902
11997
9287
10604
29763
22569
35299
14104
8193
11966
35743
7897
7555
8292
8399
18247
9324
6481
9813
9634
36590
8302
8625
6566
10607
12363
18920
7963


