4387163
4367601
4976324
3656657
3022049
2411423
2184468
1904113
1746296
1277084
1266447
1227703
1117255
1076721
1214896
1302831
1027267
1043695
1047660
1019956
1031902
1027503
1070989
1104563
1108506
1071618
1094881
1097074
1097952
1152208
1187390
1242838
1245709
1237085
1261507
1251022
1137482
1061214
1376365
1051112
1018314
1032271
1006221
1003394
1007552
977395
978094
1030127
1029533
1035581
1048893
1057106
1091442
1041102
1196444
1064095
1082008
1118417
1167775
1181705
1211117
1244388
1327374
2717760
1028474
1012240
1019203
1004207
1027639
1031529
1126365
1024413
1030093
1007272
1014112
1018764
1026275
1053098
1044058
1074563
1116134
1129638
1111931
1113366
1158234
1203242
1223939
1197903
1249615
1260610
1246376
1142967
1013125
1038429
1113841
1027327
1011825
1027386
1003187
983489
981651
982487
979519
974466
989747
1030298
1028663
1037542
1038307
1079924
1540918
1096513
1116652
1108346
1146951
1232042
1248624
1220586
1234144
1010258
981034
985049
977642
1402576
976007
976495
982987
981931
981315
977671
985776
1016436
998428
4001069
1046408
1046350
1054370
1077901
1074567
1118172
1126557
1231557
1259670
1237772
1249518
1261185
988076
1002062
985915
976997
989557
999784
983412
980338
972196
989376
997504
1224342
1001232
1026586
1013357
1029162
1026251
1038213
1059227
1045161
1040194
1183111
1165622
1201428
1232127
1255426
1248237
1151765
973496
986519
991111
995415
979915
989267
989681
968857
1008286
1096667
1041520
957773
1019885
1000157
1033985
1056388
1041528
1074015
1116160
1076071
1110577
1154704
1171035
1269970
1256559
1259693


4033039
3837917
4075010
5781762
3861976
2368910
1929040
1665123
1524919
1575230
1282611
1261189
1278272
1237268
1222126
1137232
1160473
1102682
1214839
1136949
1479591
1646831
1404627
1363909
1286357
1325798
1259639
1025358
1023865
1017063
1025799
1108753
1015080
1022792
1047187
1008506
1012271
1148809
1016320
1031709
996639
1044597
1046425
1125080
1568694
1199322
1117012
1135905
1183557
1224260
1251081
1254687
1347744
1247532
1149986
975139
980692
981219
974890
975928
999541
1140029
981234
976371
990508
988313
973479
997881
4072850
1135532
1141618
1082464
1082047
1107486
1118806
1148529
1215769
1338938
1242568
1264916
1243354
1257156
1033040
1098247
985891
987173
987551
1023980
990957
1010898
1415934
997039
973759
1015675
989911
1009123
1022017
1021044
1033183
1036111
1054804
1070329
1102816
1158393
1167849
1189867
1218372
1265994
1475597
1182480
956677
956145
990992
955022
1071357
1617968
979162
993961
1004341
983610
992785
983578
984682
1002943
1004873
1014922
1044683
1063472
1052400
1032179
1068120
1108303
1112612
1271248
1163448
1159136
3706531
1082298
1595616
995577
990468
981642
1004195
948575
943738
966853
939279
919210
924344
932704
941488
964308
962030
981552
980744
1024580
1035110
1244985
1206862
1081026
1138445
1177315
1187243
1358523
1287891
947633
942825
955142
951983
959658
951058
947549
950882
947154
954636
955961
940270
957134
959328
962899
937298
946145
951739
1001797
1119179
1123003
1096179
1112570
1128189
1175400
1815893
1244927
997533
970565
978343
1003822
991136
957420
953111
946112


