6570032
3900212
4001507
2437489
2177428
1806597
1823429
1444163
1459063
1316860
1198215
1271596
1227846
1095174
1088894
1047328
1052434
1014520
1021090
1041802
1030335
1033234
1002701
1003617
1005267
1108988
1025167
1026279
1030083
1114268
1037258
1042194
1047000
1131363
1071062
1404758
1164155
1138871
997428
968993
999854
961064
961185
974791
963741
964128
933850
964800
937615
930190
991015
933948
969580
951757
938375
942629
4565008
967729
957818
947593
1061066
1300731
1060329
1193204
1026045
1057697
1014876
1009877
1066244
1195254
1056104
1041512
1039824
1089007
1050413
1126044
1105264
1070952
1075436
1119915
965843
971290
959994
960407
1003547
1199554
978270
1036265
986992
967500
980696
965878
971387
969174
1029961
971414
971623
945300
940187
992203
952191
951686
952524
977828
960337
959050
976673
968799
991432
976827
997551
1014563
1020434
1041001
1024433
1009427
1017226
1022968
1022973
1046559
1072088
1041519
949839
936115
933734
936375
949655
938082
940891
945285
937805
928641
923079
907575
904794
915314
879193
984151
1026203
1068212
937580
942395
940525
956211
952780
959694
963689
974370
959951
980658
968330
988041
983524
963449
925095
938443
948275
946247
947865
963781
960902
972837
972994
1334075
1236813
956588
999883
996145
936445
934604
929723
929419
949690
930252
935896
934991
922395
878085
931892
887159
884317
871400
878685
933472
892020
892133
934263
934581
931613
883514
884810
905598
944514
5294046
1130764
999196
992249
959838
962409
984350


4303658
4027310
4139638
4126066
4790264
1986862
2627409
1453635
1456173
1461008
1220029
1206583
1231084
1207120
1030269
1042080
1028362
1048890
966107
968054
973476
969117
992978
1639651
1003452
978662
997030
977914
989053
986402
993445
1009233
995484
1006132
1017961
1020027
1020575
1030506
1027460
1035138
1038225
1009924
1017286
1027371
1029109
1034701
1040070
940696
961799
1084061
973029
963913
966786
988814
934849
1013407
946022
940717
931603
938021
970848
948806
938256
1001986
1007201
981071
1004453
1077035
990836
958219
963445
955401
967972
1018863
1505137
1057032
1017080
1010480
1012658
1030601
1025942
1028171
1162705
1063460
1044818
1035810
1035581
1039690
1053160
1090376
943620
935359
939807
940534
938500
969074
968349
951408
951669
1049966
1543576
951710
928812
935324
937575
927123
936159
933559
933114
938169
945425
948398
957527
960777
971459
963482
935336
932061
967381
939379
950029
962015
961471
967516
976692
984454
1081707
1397171
1037925
1054683
3127901
1212741
929410
926311
939526
936871
977837
944921
942095
938255
938601
933510
937942
901819
903808
917726
902858
917205
908491
901853
998681
1608013
1040975
963689
962695
954678
981533
957688
961106
965282
979141
978703
974072
977525
947000
936757
939073
978865
951704
957609
980423
1000439
1025743
1008930
899947
893633
907760
942000
1006918
1203259
991987
964138
976977
1013930
965512
971624
962169
983259
963417
971338
975996
961446
1000745
982888
976262
972864
981853
986611
3235085
995372


