649670
641650
642218
726756
682397
680301
622306
703061
633283
642276
616212
593273
656820
851749
630902
653983
664790
611985
613142
613699
682656
616374
606463
620172
620572
618888
620615
604234
584904
682968
635702
607004
625199
694871
606165
590007
584890
584913
660579
597455
617359
589428
661543
2190496
585892
605876
576565
636167
587684
595128
586013
658759
604120
558085
552239
639665
566635
572047
568812
550409
596721
566135
560607
556754
636741
576710
573077
552766
551519
603933
559144
562812
564579
607497
565026
563833
524114
601905
573911
571954
513453
558839
598702
543002
557004
568317
614952
565972
560583
546879
655467
586514
553200
559694
543864
623818
557933
558854
557641
581351
583851
527002
567318
589193
940267
571944
568551
570980
657860
569784
593386
560203
629186
572069
563948
580687
582988
612489
570192
559882
551253
619697
899188
593966
570583
720960
603085
557719
568068
563748
606782
577549
576052
594475
600892
1823972
568142
580658
572872
605353
583828
593043
590271
617433
589865
561270
559666
708495
577696
569163
561363
570566
570625
550109
553599
556231
635069
577809
555026
567192
552830
597293
559516
547149
581637
623016
566246
553554
540991
625125
577427
541936
551046
571386
606008
555624
556866
568910
609323
567577
568898
563045
564732
597987
554502
565341
561986
606080
573614
567771
560608
671094
570176
575237
547883
550416
596428
543349
568220
531309


2758203
2485070
3891480
2384990
2433579
2576656
2047646
1531511
1534671
1324397
1132658
1077987
960663
968349
1034839
799641
782522
787004
863186
707012
674080
699528
790131
716588
587600
572453
579021
2193689
576089
558883
578037
619950
559397
545114
550601
564275
603579
565467
562057
570058
619424
561652
548210
551117
623567
596956
563941
527239
558013
599409
552365
573859
551210
642037
577738
564841
568293
554512
574651
523399
569010
559439
597452
540614
558336
568582
612390
598731
550782
571723
566533
569197
541320
601855
568363
692964
552736
561102
569764
566188
578721
545550
511606
550735
607498
557849
551795
553565
622434
739316
931115
588052
543500
584240
558147
579172
560310
599709
551922
621370
612770
608100
567480
548911
563026
556236
1008305
580625
564671
581779
623143
567795
568141
556958
641405
594622
549200
548377
552589
1785598
564744
590494
575571
652116
596151
595197
573687
567413
588198
559789
549680
546884
601293
538512
551194
573724
602488
572274
549145
547933
561720
581013
563056
547832
545330
596594
560776
536683
559278
645761
571928
553206
554276
592639
605593
553956
554766
555509
602667
575403
547726
569371
566512
568900
549088
538835
566680
570942
561875
557274
560116
604864
580397
553422
556172
553151
544947
555207
552642
569848
617549
557815
567565
556276
621789
588558
745591
569225
540312
598615
565628
577388
511563
615641
536725
541070
558205
592569
565942
550447


