3841463
2263505
2249424
13028492
3705760
2267011
2248298
1511518
1547152
1337384
1159257
1144630
1146689
1124505
1686366
990520
795876
793194
773107
747576
651275
706754
687760
690723
670135
639139
662837
677505
739963
598472
586171
601382
586742
576122
629875
604612
606826
572228
582847
554632
563554
574496
832032
590248
567086
590410
599482
585395
572051
591272
598412
578636
591707
565278
597591
574054
576565
565572
595672
561562
645068
653630
537468
547874
567638
556335
566388
582280
632709
1036302
597698
5256761
582775
609823
602888
601210
627346
613346
643157
702156
656128
726322
729268
757545
770166
648625
694270
684277
683525
672007
725038
808697
613820
943862
882304
671260
634390
638466
608753
606456
613339
610653
599287
614965
624260
595909
699498
603638
575021
785219
747350
625327
605320
613419
600730
598010
615282
637559
852871
630010
621007
611661
638369
616153
631482
681886
638487
595444
634564
655023
609015
650547
624272
657298
621910
621355
654252
619808
635685
5234929
643743
792823
651304
648135
674513
682927
656867
639038
684641
663517
694296
669993
798437
591420
569692
616651
590987
600148
1084726
633156
623102
584559
614353
623663
584037
627804
566882
591786
615532
1100877
999267
758150
900869
672767
587483
577866
592499
602928
604802
587745
581033
588704
608315
618518
610186
610962
603132
621807
581960
608416
623833
589498
599422
607040
628320
615213
779463
874073
693213
667252


2554531
5262447
2654263
2368773
1641032
1618675
1237452
1361713
1020412
914112
914244
899360
874165
897250
923541
905172
913739
977368
902767
933238
731150
718055
738013
681076
601349
620265
823646
698752
582293
635122
914815
620367
608126
589173
625004
601796
580357
593185
600493
604531
600949
608962
584061
603584
621725
592385
611919
601334
628526
620464
641557
617716
624991
626314
649364
636222
638142
639466
651226
839609
638951
590819
580088
613736
579691
585292
578455
582623
569681
572998
580114
560473
587136
590825
712071
599530
599787
594639
578077
634313
593549
613798
592964
613036
772940
627571
616715
616521
578710
596916
611166
596421
591866
598063
625426
619503
619289
615663
647329
621448
631223
629860
645671
611684
622874
648384
622987
649392
638607
637856
601760
647179
723735
645144
601919
571370
593761
577191
592288
603584
618750
589654
607724
550341
588244
582311
576046
604572
955610
785308
574851
571243
610394
568543
589320
595025
620441
593803
583450
576958
578236
622838
714319
655478
591511
625968
574938
621155
615170
596831
612909
622797
625238
615559
626127
639226
607797
612696
617272
606945
617405
615205
641893
623458
625920
639520
626222
635905
768518
748687
744266
652191
620186
581440
589403
624580
603790
579898
599121
697793
579710
583925
653662
617406
586167
586138
600281
584474
578214
606734
550267
583798
575886
552339
546617
594733
554898
579376
682835
734221


