4398350
12243230
29019836
13581758
6367707
11275149
7494362
8617528
16161632
7103192
3897880
5960088
26688893
43919539
16318218
30439542
4478334
6438756
14302405
40632457
7123805
5995266
7092230
13387692
23877854
47020710
6677619
3314089
25997775
4085029
17775495
3617379
11215654
13774091
31176466
6612512
26277638
27803791
18142768
67363676
7186420
8361727
17476048
5384392
11783132
9943064
6025469
31192095
35784441
16373293
20589551
4891823
11316835
14859501
16775518
34317833
11697734
18998226
4249144
10015082
12833598
30137013
27566759
27533552
8691259
22603471
23092858
32806896
33946603
6961338
6224700
11652580
16294293
16911862
5172298
15210671
6177437
8661548
4007143
13384132
28156320
10281605
37044981
88708283
7091381
6601494
6509569
18761885
6846452
3348660
16362544
11174408
13806755
22512515
6922468
28910283
50979515
3730129
7011945
18872072
33856559
10758679
11223139
40617229
37534993
22567807
41957542
46936249
50383195
123874991
6970311
7520476
8049836
8752518
6270954
12859511
32580299
12039014
48088876
38702912
78283951
7464074
4212848
5792401
26612959
15241373
25097105
28369503
14331676
36615431
32245853
36913547
20056197
28930707
126694771
6525937
5511943
21076718
1748729
16613858
10992204
19599078
30232081
16672338
26078038
29452807
117899460
2085759
4726508
26714838
26135955
42631518
7033589
2588340
15196800
11271001
11090655
22736401
63472349
7208233
5576080
11832976
9781404
21650928
7789170
2051313
20856464
6635547
8685475
10530844
5183188
4332392
18521006
28611205
33561233
6320065
11213306
6934276
7129812
7298324
7117606
1902709
15386577
12732124
11481296
38349498
34032614
34102951
18177050
69721599
7138426
2005949
5416133
19565569
18777560
37929571
44223072
22680690
69510512
6860298


22895884
14960726
2162665
15871715
24133620
6100972
12893596
7112619
6889514
17533285
6227746
7599210
14228720
22175772
23496841
6716803
4519524
12902609
34258507
5290437
5474550
27971334
6617112
6806402
22041821
2901449
12551410
13885846
26825890
33890098
5505534
13701556
8230132
12812807
6919512
11533350
6590435
9750898
9936831
16518345
7000003
6067231
10285268
3248685
28531507
2658683
17156406
16669241
5804033
12018026
5634464
12896498
8228164
7140762
6326316
19224599
7064006
7271088
5282422
11362672
18712917
4543230
18709325
3093897
26998716
5634920
13207072
24683855
7802670
16537789
20766951
64498388
5797053
12640786
6022618
8938765
16503523
6679394
10885820
2569160
19604044
2835243
14478888
18485284
9273681
21663683
18073496
26226681
61352778
25333401
10736644
41567029
21400182
34948845
58512843
54098345
17816158
125797566
5772491
11056593
10492987
18783744
6797434
7673330
9332381
3479872
12176713
50573444
6354431
8100764
7512610
9831374
19531051
28278819
29345230
84855101
6189540
3776174
22841441
11695222
4636946
19518532
31453802
4368680
4321382
20278335
38425139
6634666
11751843
7347063
3867677
15425923
14986206
14798688
15174400
29527501
32734373
6934034
6117260
2709565
27432427
6956933
6143233
11692949
6490643
11451515
7205838
9019688
24397953
6901915
4891940
10526207
7674626
24637523
33270014
19406422
22567533
15602615
28574545
48828738
170810295
6938147
8402919
11830138
8411455
12039306
22387984
40019973
30481926
48274006
3714073
12625898
22790511
2139161
5451018
37467247
7732161
3380687
17017727
15392759
13950385
16027511
17044770
13829323
41663448
7242438
5503613
4759355
20769285
12578676
30507234
72095874
7100364
5538770
4548698
24271240
19876177
4102697
18337424
12697519


