21238575
11430380
9560579
25071740
17669915
15807585
28106020
13050538
38970949
16596995
26829437
22896848
28184733
22710657
5964455
4451437
18698828
11953336
8505742
4762037
16904231
9134563
20603574
12141168
64110881
5217431
12380164
5965268
5858528
23168374
6061631
8771982
6720987
9187073
10313429
4638993
4665010
12997443
32125324
17125412
36633512
69379048
5008529
5018814
10737782
30264059
13473535
20436665
41152731
47075345
119453682
4340994
14215618
5868962
5000276
7991853
32394518
10080643
4348060
30962604
8459185
22510006
4563637
11816829
8276439
7548779
16103096
22077453
36648370
42857866
72934909
82734958
114884355
4901022
7113677
14266244
18381540
30734744
12924043
38868863
27071529
52679067
109619004
58394767
6798838
10490723
3646145
13831381
22752699
13268985
21999159
28362836
29798483
13732143
71702770
5819763
13020484
6197943
9539118
11410786
13728429
8988859
5246994
14696362
6079649
15580008
49941781
25815758
10465050
38065719
14771579
83484322
32218492
22098756
23239634
50744762
78373123
37108019
49355755
75351394
80241162
52742858
40950357
349308611
3021322
13329332
5515401
36781510
14987115
14761660
11949335
5899715
6177998
7755357
4114190
18149154
20254719
37996531
45541298
6074784
3816058
13541788
28647973
2842414
10195034
18238384
12023089
56200710
4604077
10390848
22361412
4261857
13147540
5159741
11908492
19040099
14122418
35307721
30349543
57753181
63661943
174575595
2297431
9877948
27755231
23768500
4123658
13276003
5275845
22725981
22722592
10318383
31502774
36102868
46768696
37396712
51054515
17958446
154063902
5453965
9632653
10707257
6920148
25259525
28523662
19905565
28952943
12205419
55286687
23257539
42782268
48926432
59658222
31275375
12451116
64241323
16449384
53655606
43848027
58635356


33092749
78676320
6846017
2738179
13771767
30096728
19452823
18569348
2835436
16768949
32496152
7528801
11130709
8957274
7711521
46447511
5773643
10580339
5118802
11731206
18934250
2020331
18378341
15729533
8315541
6525995
8729388
11521526
12906380
11500475
24486280
62076729
5842507
11147743
9769709
23180571
23348277
26546638
5783268
8408397
7264078
23360843
14087539
19065730
14773627
31352947
36796651
114730665
2529558
15412885
21857186
6388389
6188799
4900290
26338525
5282275
12147471
5000219
31111868
3991145
10921064
22969104
2188311
16302689
9193774
17413725
52781752
4563966
15748510
5624512
8161853
6367384
33871695
13884334
49414178
5997215
3444644
17975724
16812654
26245666
53341250
2017559
16147330
31623304
3824792
23311555
5519364
12854098
6228847
2330087
12174107
27173434
16209086
29638579
4686578
4860088
22816542
12782389
32908143
38588924
5273080
10322650
11593467
15178220
4154881
8391236
20116037
29209976
11552635
10217762
19976664
41137232
5833314
3020205
15451322
9932997
24009179
64533154
21964792
22363263
12814486
25838270
31508452
10137843
9739435
19731783
28107393
27724922
23461841
4951990
4626542
9556943
24751413
48091593
5975650
6539030
7150332
28985708
17901101
4911002
9370094
5821139
20128999
34418951
36071710
25439388
35162852
57285417
5959444
2718028
14229803
21228835
6217190
5989743
2805652
8815572
10027158
11944974
17922157
17431809
68582850
51812805
67025985
42076368
72869517
57079178
134737613
51358783
45220323
48568035
47080296
262122362
3433018
13672910
15313001
8036300
17275448
33903961
3167368
6811979
26013745
16984463
21892211
26510175
33459585
26398070
25420397
12986413
61266587
18745871
36831091
18021856
75480600
70027378
26526619
148679006
22208389
63711885
59699132
86749483


