33775
27497
37402
26717
28815
24030
26079
78073
21958
35037
25101
21591
19268
31121
19933
27370
23090
21030
16050
79791
25877
22708
159555
31674
25912
30855
21414
23429
23322
88366
22190
19589
23188
21272
22009
20035
25750
49422
21733
45423
29948
32258
29601
57401
28884
48233
47480
31555
22734
20727
19622
19667
39954
19725
19203
24194
27907
33370
80292
22752
22604
20605
78932
58747
28337
36966
68338
23912
23714
25492
23966
63064
20532
35259
47471
50313
21347
22429
29025
25020
27069
81357
69774
34813
33781
45666
21217
32466
43405
41271
34196
20754
21094
47076
31473
21029
25628
32973
23169
21575
160022
20362
27778
29419
24871
37625
106848
21151
24036
33001
22673
19182
18236
18249
32121
20093
20501
76216
21894
20709
28355
24381
22623
25858
21559
40035
23411
36220
39196
21227
21509
79203
36529
20384
21919
44206
24141
19052
19337
33116
19010
32524
26209
19575
94113
21902
97040
131446
21860
32848
133191
28931
52206
28272
23617
19736
40047
24549
22155
26774
20330
20459
25394
28295
21732
65204
23904
25859
22317
63730
22782
20886
22424
21310
59966
69645
125380
37222
23026
22691
28713
25389
19776
20885
21872
57219
54901
19785
47865
40540
32012
23013
32452
16924
18860
29455
22077
27049
22836
19839


39861
33865
23301
25806
27372
26777
22979
28547
25017
26099
33336
23113
23411
36891
23005
37106
33955
94114
20918
69630
26930
30323
30594
52400
31045
106627
33437
83042
19348
22739
26122
19415
23857
21603
0
138969
20026
26835
28139
27433
20212
34000
21639
27763
21594
35004
28367
46030
66528
129116
107445
30361
28724
31580
27853
24017
88947
20918
35131
52505
34375
27674
0
42732
89827
55004
32827
31733
24549
28950
27770
25540
28645
130190
22381
18853
24920
22521
25780
172945
24485
26270
32200
112298
22977
38595
41005
22008
28171
22013
23242
18956
19368
22584
22638
27124
62876
47969
63046
74039
31845
31478
75090
20874
46739
21933
23782
40415
30343
74175
71037
18409
57150
26807
23722
21678
26859
49915
126570
21885
40734
58108
29181
22513
29432
56142
45539
20772
30612
31987
31785
57917
19654
20241
24035
24059
21484
31554
105258
28006
22785
43566
20249
30805
55666
100737
30052
52293
19960
18802
75901
78880
22740
22074
30974
20928
31364
147603
38412
28296
44286
25679
38398
23417
26225
51746
24744
32296
24538
18804
28016
21039
18782
23826
26027
30693
44215
30584
38423
33074
88964
27880
38780
45844
32915
23310
50259
25032
38705
30971
21792
29079
143595
36517
42956
25219
70560
47024
39292
112620


