38151
32865
39357
21415
46071
93183
447091
97471
104335
754299
117746
173929
94219
50927
38634
116644
53454
197577
45003
63709
61372
47042
38899
33051
33178
103345
112930
34684
22500
20556
18807
37944
36565
84407
28580
46158
19676
23079
24524
20530
28220
18366
66044
31637
18820
19681
25392
27388
51028
25242
32341
19260
21521
26686
19565
19433
21139
28772
48168
68594
19671
18226
25066
22468
75648
28634
65719
34458
20832
19762
28270
30524
124199
196459
30165
116340
22922
22468
20422
18374
18728
105718
87329
21625
18843
20966
28742
28198
21327
30054
25113
21812
19755
23942
17101
20234
35359
18118
31158
25452
20339
28251
32836
126115
37966
62313
20254
83265
31311
31483
31104
21124
25114
19759
20866
78266
25956
29800
20568
20974
24029
19784
25394
30216
72136
22427
18773
40869
20145
21615
25796
23520
41227
35446
23441
24304
39229
27696
51948
24922
24581
32859
21882
17740
19909
22059
31056
20896
35488
40690
22669
34164
23465
48933
38292
37824
26600
23697
23764
21953
18992
99143
31871
19730
26355
26028
24501
24246
26285
28990
35479
25193
24399
31819
34937
25454
18873
19575
50338
19241
105641
28616
68799
25978
24850
36834
26234
48685
34684
88739
22057
30667
20077
24825
27719
26157
21778
26100
25097
25984


41684
31823
25806
27298
23574
18699
58020
27426
23445
24138
27816
25301
35853
50309
28823
186472
18778
19851
24045
21369
28871
142687
28241
36774
27814
32704
24037
21557
20596
20548
26220
31936
81138
18365
24768
27779
39073
42717
123174
23522
65667
38557
24992
47973
22503
40935
28996
318433
44394
23568
47881
26696
22670
23835
31871
29592
26936
35051
22674
22792
22213
29737
52919
66820
30734
155666
71485
24156
22201
28343
121381
199171
22680
52197
23212
26930
21742
83119
26736
27534
41116
27441
24248
23141
26921
23456
23977
28197
19922
28991
43995
27833
21515
242513
57707
24997
30665
26534
36044
21472
30994
22289
23830
32062
21921
68962
31958
80151
32348
25014
116772
25464
27914
29728
65368
25487
33154
19118
18370
24514
28657
55712
24841
36394
25473
25665
23169
40715
23762
22684
145689
24168
91809
31804
99344
45213
27833
54501
33990
33864
33758
88498
45255
29463
28533
73972
46727
82573
23746
29162
48834
86627
26433
41948
34646
62450
64936
32859
24475
44726
34281
28908
32933
22903
85940
22294
25944
129292
23687
29881
23166
37754
38143
38351
41026
48125
24907
47829
22444
30128
24438
22279
36904
39249
47788
24172
38408
46492
21015
24608
19978
25872
39382
19110
33910
50174
24692
20284
51842
27833


