248441
894287
284656
1253543
357096
1642772
1056743
4081694
1388437
307370
293424
429500
748172
540374
350982
589496
485555
1084505
788878
450172
476900
565312
843215
352376
4676192
2730013
343238
300360
468739
565499
622528
249605
2012424
1950699
495868
1565151
306208
351588
221947
226258
261981
526277
224206
238120
276605
3526309
298322
269578
3226384
655919
254555
798428
243164
1116242
294198
571583
338471
284058
892840
285433
1199172
353658
354161
2530812
387186
984849
5903910
302414
5414278
2295453
2101643
289948
997668
5004507
815512
1201752
1374902
311912
505148
337728
230921
451053
1179224
1372804
1403150
616275
1977222
374638
538377
216230
3429789
256968
6865293
886704
230648
334498
799027
313929
572131
290409
1083361
285800
581964
1322788
1750251
746218
619466
1566956
472098
227790
296950
301499
1184891
535384
227133
4050139
222258
220613
226944
237524
291684
578609
248542
682471
7289180
561384
268635
564120
2534683
284420
8026869
831464
341060
308117
1483156
4376277
314120
1073500
305205
307227
324456
303242
3493605
612776
822668
540966
1024661
1904381
275990
695802
827105
5115887
765988
231533
557524
237248
221683
312100
3726317
2434535
218867
527778
546456
303455
225143
570831
4283515
258887
310458
525673
1159243
1726102
1641937
1493834
229514
285384
229640
522097
259164
898763
1663493
799198
253367
553269
827320
290596
865840
1624367
228531
217863
1525742
266581
715150
1596456
232432
5248598
230137
1817755
289047
591362


589417
1103329
563369
496358
334581
282106
3571222
876434
1895316
407506
1172652
421398
1325012
2610088
992567
237648
2667826
500090
4420466
1430027
229538
324472
229614
227981
333010
850945
497640
219513
742727
580594
285639
428670
1231307
2123683
1147140
373505
561647
228564
328940
1637371
503351
294874
332225
3290711
347625
1805734
246627
557014
1129918
230016
238512
1077276
2720169
602302
282680
427764
280778
1247332
296168
280564
1544959
310205
2394463
238044
1505309
502718
295463
221728
537867
1643005
1910139
228363
229080
1164081
275159
292169
628169
226448
315052
14231404
552798
808916
2067887
2934542
594457
2358260
235886
598689
297763
4659041
616208
307865
2095967
437764
240265
297745
614618
1931367
489901
224628
590230
847654
1593692
1062947
343065
1156991
296310
693700
408379
833147
864188
367822
301444
282714
3557233
316734
889096
386696
4654131
551640
1601027
230461
234835
479277
305723
2531307
226417
225635
760325
219965
1317401
1023222
1343299
285929
306587
235772
466173
313448
278994
520551
219906
226923
218105
1799249
278073
838683
3358068
602180
236993
3137454
266296
240638
308902
467893
678228
907665
1160263
641389
3618885
622284
575440
236095
237429
360521
1987235
358598
6621019
228418
1365596
221660
5772619
536711
815060
609457
584532
532259
1800969
7066050
330753
2969637
662388
1647923
2340776
466607
608315
238202
290589
4747535
272292
610702
1032477
1113401
229777
255820
932876
621604
6194464
221372
603860
470373


