404824
601103
3482444
230369
1781890
833026
231548
920250
2707556
508619
474803
2499495
288572
222602
624900
301930
5090736
1512874
745828
311917
543025
323580
545593
229810
548187
309479
2706069
842411
519246
229046
434048
243571
228153
4178675
416683
1985459
2293955
6014705
945230
625110
391972
2182546
747802
252342
891076
263196
230683
914611
241218
300916
300788
314903
588588
617327
618124
600741
869544
2154978
1139722
239881
241041
295740
247137
1073964
246054
340092
947573
246400
237431
606161
1589583
248725
1663419
260685
270478
4301461
1282327
3703402
1910065
1155544
349380
246335
1831236
3007548
333036
392229
734786
1359941
513232
2767230
330273
3494151
310917
304632
257312
689546
307651
4042192
580005
889888
271649
376511
329730
348122
238106
317184
339291
290195
308972
582051
361467
309715
1077170
237257
236562
1137671
293615
537091
1557622
3002880
228105
498002
703760
232522
321467
834993
315482
592139
447494
603726
525765
267433
371898
235589
241430
242965
1313501
7505593
373469
339558
290516
717878
358455
1233410
781889
1015323
573822
519037
297656
2005373
1564871
1385000
336373
886373
830056
295708
319757
861940
296631
621214
234450
232380
353103
982849
229863
1705960
257333
7822123
1249258
1242297
303186
302494
2399082
1468286
725878
564164
344956
658735
1412550
246738
594411
778875
1067443
299705
308593
545756
5695936
1123066
551059
228378
2144961
354740
2337240
727008
288017
458505
946368
1024650
703738
695868


