36912896
16471354
15768820
15324560
15828502
15364685
16844380
15865642
28943201
15196264
14483847
14335442
14644607
14318090
14438132
14385911
14286868
14282266
14265262
14499864
14305383
14274224
14393015
14323110
14390299
14351316
14163016
14708724
14829850
14463172
15477127
16200692
15823322
14735514
16140568
15951038
15880528
15880553
16217401
15965878
15664585
14837183
14694418
14474274
15117823
14877544
14482160
14410982
14552712
14155906
14358832
14350734
14587513
14361431
14285198
14402589
14273687
14489203
14279615
15657488
15020013
14777520
14650888
14371300
14275786
14401004
14380577
14293794
14329192
14215876
15254276
14717809
14268168
14534623
14252213
15412566
16582235
17596544
18288310
17252179
17535312
17334420
16130559
16329202
16614353
17090780
16197772
15644640
15033132
15007919
14493376
14837902
14231475
14740522
15349088
14436286
14432040
14217581
14658781
14505881
14381003
17320924
15407200
14707910
14615474
14308472
14331833
14444162
14547251
14724138
14214034
14678471
14255453
14629713
14328602
14295908
14350169
14291382
14769313
15309462
14893218
14803867
14431408
14228931
14414890
14259346
14397902
14487981
14246592
14658907
14255442
14489133
14290794
17351179
14944288
14279378
14417533
14328398
14461832
14381434
14412947
16138245
17367852
14530422
14393784
14282747
14257290
14668463
14383348
14447975
14374069
14231678
14352671
14245437
14479097
14304679
14300805
14326636
14337060
14386098
14357794
14266971
14352632
14319757
14482384
18551298
14775072
14646108
14276843
14426909
14457211
14251405
14352018
14477872
14265482
14490858
14547151
14428811
14477013
14239731
14573160
14290803
14402998
14704109
14166893
14520551
14433881
14481790
14378995
14291120
14354651
14369870
14590384
14316928
14269391
14361710
14740374
16143107
15632206
14888238


36944057
16015639
15747807
15832387
16350292
16227803
15494846
15285323
15266355
14828844
14649894
14398740
14251451
14369186
14371171
14356882
14411371
14219132
14396795
14325590
14242574
14486461
14271559
14436894
14409534
14304054
14353476
14404882
14502814
15173830
14833044
14548239
14446380
14505955
14456801
14199097
14402932
14265285
14416927
14508676
14367860
14499072
14348775
18663166
15861166
15633573
14955107
14682442
14345663
14753694
14455139
14365659
14976228
14204117
15049068
14600835
14644379
14292011
14795375
14338608
17281549
15230133
14515053
14505377
14372880
14344165
14381915
14399708
14338822
16848501
15078316
14727932
14351276
14217532
14564409
14289489
14270329
14417580
14262076
14510593
14405933
14316421
14378391
14358125
14406615
14297750
14204538
14451821
14376514
14456350
14362982
14258557
18138959
14944718
14558909
14342892
14283881
14472493
14351109
14508060
14323001
14401731
14387673
14362147
14274520
14389842
14349446
14374599
14472590
14183274
15162558
14792565
14550217
14340049
14233376
14458663
15211265
14788082
15107571
16042723
18913044
16960572
17298115
17123699
18416411
15913922
14311908
14521625
14352324
14448462
14449172
14329651
14411313
14359039
14524809
14537177
14468194
14990366
15070821
14560948
14375245
14361192
14320009
14465955
14277657
14521105
14343317
14257399
14419965
14297719
14416526
14353516
14350069
14337356
14393721
14339114
16308391
15649878
15061001
14474980
14420496
14346817
14231215
14645174
14435616
14697551
14545059
14399833
14449763
14367049
14212828
14344636
14372676
14394577
14418262
14246966
14433580
14290104
14408423
14371842
14271257
14655493
14329205
14486686
14328807
14357227
14358006
14320730
15005697
14617921
14378456
14493061
14352928
14406725
14642803
14286740
14413413
14355769
14207779
14478380


