38040275
18954294
18532344
18417033
19104744
19652257
20882407
18822213
18641960
18143055
17402018
17333921
16905995
17433138
17514968
19003687
20168137
19305525
18003876
20425944
17811071
17300145
17623915
17401007
17980459
17150077
17693108
16881505
17331158
17069569
16998460
17117274
18867498
18673854
17738363
17758049
17622366
16961921
17735005
17209732
17000976
17384360
17022846
16979742
17448631
17255777
16951875
17447040
17204029
17032158
17537563
20399841
17317931
17938008
17189247
16981886
17328403
17219308
17056855
16870703
16954429
17044506
17239506
17733795
16929082
17480013
16919376
18769833
17786831
17640380
16972807
17781660
17192750
17017784
17185755
16937009
17233297
17486328
17194605
17196321
17414712
17218680
17332766
19113590
19619296
17570433
18085241
17350972
17168694
17401605
17254430
16832750
17235006
17207392
17063965
17184428
17274139
16799009
17588348
16991139
17035294
17668569
17207044
17165217
17786407
17269110
17738480
17353468
17251103
17255079
17444080
17349375
17015834
17558052
20157202
17626542
17685167
17370472
17068814
17654767
17227731
17179099
17237683
17636153
17253538
18218318
17730337
17544984
17703594
18155725
18025495
18288801
17523349
17604155
18670159
18405444
17978038
17860990
18191435
17608642
17914598
17828889
20571854
17978732
17465010
17560424
20416176
17636717
17650459
17533987
17354819
17488551
19051718
18201946
17430929
17563185
18435749
17139975
18146888
17645063
17191228
17164932
17370809
16947830
17753070
16946841
17127886
17578745
17532860
16942797
17366017
17194544
17787365
18714255
17964755
17780739
18236370
17882931
18814025
19069285
17794764
17815479
17754684
17848177
16968543
18105923
16810510
17372983
17694916
17280400
17078796
17770489
16879907
17174623
17236364
17348070
17193191
17428166
17567816
17627848


39062054
19144913
18178143
19559016
20081642
18985536
18952895
18575261
17768892
20936693
18804256
18152591
17149476
17062614
17055497
17760093
20551693
17754785
17352564
17153273
20706559
19104021
17932277
17057673
18242250
17184640
17319491
17367496
17228972
17545630
17447555
17074320
18179227
18439146
17724769
17358525
17455078
17228523
17044369
17452440
17381807
20773598
18012980
17693643
17147292
18050097
17175971
17061493
17258670
16954557
16735198
17573016
16904616
17165612
17385756
17366976
17189638
17582069
17203698
17514997
17137811
17309237
17083965
17559802
16982864
17046414
18329999
17298337
17101858
17660236
17279675
16988579
17604735
19003090
18118951
18185617
17603192
17410587
17843938
17472495
17520804
17637723
18098104
17889486
18275668
18261387
17368354
17501009
17293322
17481744
17821984
17535612
17194603
17916915
17353105
17316271
17419439
17145527
17199528
18005033
17383012
17223403
17755595
17409258
20192408
18940250
18492680
18025359
17496284
17737954
17255382
17921741
17815052
17001526
17240916
17114514
17298405
17905991
17430101
17275820
18009611
17379378
17436620
17616316
17576855
17139498
18320801
17267808
17690187
18260420
18212947
17547297
17893697
17428192
17262858
17952714
20522380
17336470
17551055
17487746
17297854
17571103
17136574
17153995
16887688
17051113
17063160
17537276
17118922
17363987
17424377
17202924
17627152
18222582
17670381
17514152
17397858
17583399
17078315
17369645
17371624
17011642
17607688
17282074
17079158
17472319
17274544
17258331
19258704
18220081
17705078
17377562
17110760
17085868
17534463
17086556
17351249
17592091
17802011
17414985
17727036
17767301
16804673
17291368
16968756
17088461
17417241
17369958
17033745
17468323
17258060
17073854
17250411
17273802
17111197
17841696
17347266
17077530
17523190
19953340


