16413915
9653606
9640389
9743594
10178799
9076102
9641346
9391108
9521862
8734347
9052593
8612761
8829948
9048878
8783569
8904931
8790157
8798269
8656377
8805528
8908530
8611058
8875996
8903282
8815450
8818103
8865311
8801655
8710007
8976538
8593942
8644424
9812332
9869011
9281806
8923436
9038650
8965278
9158098
8933803
8721740
8896978
8769566
8836410
8871876
8704186
8954983
8849515
10745125
9802641
9585908
9858704
9043149
8900667
8874660
8913843
9116708
8661267
9475867
8458484
8701630
9423026
9077144
14754205
9600667
9242745
9032531
8702487
8763876
8852357
9016768
9038365
9028742
8665944
9072665
8878351
9058963
9452111
9326948
9051941
8746109
8933037
8758012
8874785
8794996
8716046
8905031
8660830
8783629
8966611
8811141
8741164
9027859
8751837
9063753
10007612
9984707
9461702
8872403
9016123
9062219
9030408
8768135
8840152
9038438
8762258
8856412
8573131
8607201
9098235
9079917
8939044
8991641
8707308
8983205
8654847
8942970
8798277
8538047
8758105
8819857
8812795
8848955
8802681
9485999
9112900
9154831
9896402
9460916
9680973
9236497
9002352
8673388
8696860
8927512
8933029
8909362
8947110
8934258
8899770
8874140
8553777
9012369
8734280
9159154
8923001
8931131
8717381
8547659
9031084
8657818
8593815
8988638
9066238
8852830
8825167
9376566
9110727
14413186
9823373
9424193
9187926
8913139
8971596
9177115
8635041
8743813
9176935
8748326
8799620
9025521
8824940
9156814
9046303
9172158
8962142
8879425
9359045
8988919
9167571
9313347
9284949
9201449
9128307
9100547
9269831
9153180
9802936
9291362
9028479
10268341
10508151
9901030
9794703
9534797
9373052
9425786
9138676
8982806
9136702


19238364
9611482
9848062
9886841
9635118
9195266
10304350
9655295
9667897
11196757
9676039
9484044
9405446
8938768
8448893
9281530
9648990
8755671
8800390
8835415
9594513
8737109
9990409
10013742
9986210
8923418
9091643
9056456
9063527
8868653
9143660
8700396
8964266
8873761
8738367
8857396
9122664
8900944
8918665
8946707
8715043
8870541
8969913
8895491
8702627
8783419
8845071
8895960
9084873
8701630
8845108
8740554
8957976
9225906
9601939
9562806
9100419
9213106
8755785
9124028
9084563
8796464
8974737
8761476
9107179
9463228
9188798
9082886
9005291
9174414
8938817
8907154
8712867
8796269
8709017
8980352
8881196
8558477
8813026
9103273
8826215
9077163
9193185
8858249
8745357
14489274
9547846
9351114
8959829
9253534
9098471
8671117
8624721
8806746
8798624
8818501
9115321
8910867
9189279
8918070
9061721
8988200
8890446
8929787
8997941
8987491
8734050
8865740
8944679
9041048
9246853
8827270
8828622
8735375
9200822
8915051
8657932
10243743
9908021
9166489
9182010
9058808
9152913
8956138
9020816
8922351
8770884
8911516
8969128
8634195
8987896
8814935
8827216
8713362
8824782
9223319
8941083
8775881
8806845
9120470
8729553
8863367
8993459
9239116
8878889
8905825
8910505
8729992
8811991
10130018
9693325
9131189
8923742
9092242
8679240
9123051
8854573
8670362
8860409
8836888
8931342
8772793
8905064
9189101
8784239
8759525
8919839
8732543
8913374
8876512
8546410
8868170
8745258
9175282
8700581
8699406
9038728
8787929
8664410
8858997
8880155
10189262
9487262
9331359
9274922
9062004
9245758
9312571
9304960
9167140
9285866
9056912
9222972
9267625
9431264
9242731
8965657
9222077
9399470
9031127


