11195524
10738397
10486410
10265334
9886214
9576333
9607463
9826841
10225706
9691618
12102953
11169717
10991947
10636370
10347318
9889331
9892996
9804144
9545433
9750570
9641699
10194554
9916577
11043898
10206349
9801026
9288291
10830347
9735292
9229798
9423219
12043127
9627011
9304630
9654358
9584359
9351268
9573338
9394943
9335151
9367676
9485961
10594432
10344676
10237943
9567513
9436531
9330967
10867321
9918217
9712830
9470194
9429294
10196731
10014983
9655983
9308748
9457706
9384939
9517983
9271173
9514590
9484845
11827126
9798612
9341969
9350287
9527169
9383858
9422513
9295987
9519024
9240076
9376760
11664785
9841559
9369477
9361897
9245680
9453855
9361313
9208764
9337483
9295870
9363143
11613992
9548028
9346697
9501164
9190436
9449006
9223921
9461079
9516593
9314851
9384935
9213417
9994575
9562657
10268712
9697566
9409905
9552514
9249149
9326120
9395858
9529412
9330740
9982383
9459036
9438840
9593810
9328528
9405002
9192221
9378507
9388384
9476410
9278984
10280974
10068566
9535578
9485761
9269855
9316741
9961994
9481238
9388837
9485586
9423059
9973199
9589490
9284852
9352710
9441324
9383966
9395119
9302375
9394657
9377712
9232753
10410776
10325401
9592957
9260690
9548398
9401113
9550477
9453625
9274460
9316864
9230103
10322212
9542625
9487802
9447082
9502178
9468401
9510423
9603778
9383177
9481130
9381522
10253046
9549401
9296684
9248917
9605558
9451427
9293343
9392231
9341478
9500473
9227666
10235732
9750341
9356331
9368862
9214311
9434667
9340522
9595686
9426457
9506000
9334652
10197167
9718269
9415652
9525573
9218139
9470684
9432175
9309129
9244655
9631231
9389976
10156808
9900730
9503144
9562344


10897227
10631119
10424922
9805223
9794738
9292770
10650685
10243019
10210602
9463747
9626632
9469316
9545873
9565063
9564984
9599059
9418322
10405852
10217122
9831797
9585559
9236231
9365870
9974918
10490191
9799081
9583829
9132310
9352937
10325938
9458448
10205946
10367121
9668378
9472328
9226914
9297672
9633894
9372601
9405017
10111970
9572233
9490469
9500234
9649654
9259256
9476912
9341431
9326186
9223122
9601477
9880552
9708295
9597738
9363896
9407308
9310160
9615386
9252778
9171247
9396206
9227194
10389951
10047328
9674573
9495662
9369407
9454354
9382363
9237743
9405429
9324298
9256948
12482896
9448783
9386779
9358288
9309578
9333648
9202808
9442549
9498491
9307006
9247605
11854764
9475331
9371632
9351380
9455507
9219676
9450271
9484926
9365352
9358471
9332552
9409009
10089832
9670248
9311124
9522192
9321841
9304698
9303937
9164802
9474707
9295080
9355087
9935554
9844679
9561821
9343225
9304179
9371029
9385179
9501872
9464981
9415841
9254177
10901046
10179167
9791848
9260789
9317739
9263627
9411586
9310147
9285393
9336714
9386319
10472124
9700554
9512186
9380974
9326027
9363676
9293899
9196650
9137445
9327346
9430352
9979475
9357674
9356600
9288563
9501097
9489358
9330686
9503686
9322759
9429707
9406012
10006775
9459133
9381202
9434683
9269892
9372631
9366275
9403444
9296290
9469852
9177270
10296259
9662869
9630436
9427170
9372312
9488115
9301941
9301712
9338738
9457196
9217458
10426449
9985194
9424396
9430806
9342321
9394442
9294307
9519713
9202048
9531582
9357838
10143263
9562663
9453412
9433259
9428913
9409120
9264834
9466150
9352680
9477884
9514050
10317053
9635358
9264776
9481844
9411862


