28184
14405
1864
1292
2780
3120
1061
909
948
1856
585
2223
747
2946
819
793
425
3147
1813
1745
881
2574
2383
1922
1537
3108
1280
1540
817
1088
896
843
649
1112
377
3455
1446
815
2417
783
882
1645
3350
861
644
1211
1021
820
804
1719
750
902
378
908
2478
870
2007
2158
632
4446
997
804
795
833
2517
662
1949
2378
907
1581
763
1618
819
873
1608
615
2906
886
1097
1658
3599
4138
1262
3773
1671
1570
4045
2437
666
1510
3132
1453
1497
1967
1728
731
3211
1556
2880
4788
1306
649
2796
8416
1212
3226
3068
1047
2355
2941
2643
3872
1379
1309
3033
928
2001
733
2703
387
2308
819
1062
1350
745
1694
887
1448
1149
410
2575
763
792
1821
1034
786
1721
2496
773
1715
819
1731
548
1408
719
736
630
2104
754
1189
842
441
1478
706
984
483
2031
2870
2152
4826
719
571
1123
811
2457
3788
1111
1243
746
934
791
883
801
776
831
669
1055
779
723
833
548
3933
2201
2020
675
1518
2012
1076
777
755
1792
834
2268
329
1335
689
1432
973
1486
2076


14401
4945
18795
3212
7065
2621
6036
8037
7727
2940
5437
2451
2634
26935
12956
2576
1835
7724
2459
10886
2319
2442
2282
2494
9915
4640
3459
3598
8626
1647
5827
1274
1703
9166
1485
3105
4866
3023
3314
2615
1344
1278
7340
1231
2568
2944
6696
2005
2828
4845
1704
5158
5352
8634
2805
2959
6351
2637
8000
2558
2716
5208
7443
2588
2458
2459
3569
1833
3860
1233
8663
2472
2459
5216
2713
2017
10120
6535
2411
2639
2488
3639
2337
6899
2591
2493
5293
2360
10935
2962
2460
5765
5269
4358
2468
7822
4971
1461
6221
1939
3531
1266
4990
2470
2410
2901
11008
2541
2527
2685
2655
5048
3554
5250
5505
2386
2779
2586
5284
4997
1289
4408
4390
8609
5063
2440
2352
2387
7940
1120
8488
2385
2380
1234
2346
5685
2395
1890
3676
2616
2801
2751
5561
2667
2407
8661
1237
4360
2515
5988
2747
6726
3114
4084
3362
3612
5507
2491
1284
1666
4146
6990
5487
2487
5388
4757
3539
7762
3253
2585
2429
5206
2449
5014
2416
2496
2192
1639
5498
2604
2924
2541
2830
2804
2782
76430
2380
1947
1566
1802
1869
2502
61752
3237
1790
2095
5940
7082
7943
12532


