94487
30239
28133
48275
49386
36084
26711
29988
28389
24681
19590
36958
24006
18431
22346
98220
26042
23304
21755
22761
35999
22020
22182
21085
26936
39340
16439
29547
15809
30496
20853
21060
21610
36547
55301
21382
18877
15001
31196
28020
23604
30177
26154
18401
17917
17947
18988
18219
17952
13897
28800
27743
14022
26682
14000
26159
18966
17421
17174
18496
17416
42962
22721
28115
17552
15249
19314
21333
50182
20819
18181
25487
19395
18800
17768
16753
16255
17098
16358
39344
218931
29148
17059
12770
34348
18243
14433
23648
18209
18609
27708
43617
24072
14302
39553
40826
16436
12058
26212
32169
12696
20938
22161
15270
14315
14838
11159
17481
13463
28096
22012
15567
20427
14561
14758
13787
26727
14575
15883
13069
14581
10417
27254
12565
10544
17620
24767
17405
19190
12943
12268
9735
14262
30597
10515
18909
10075
27397
13448
20203
12402
28659
21919
12361
8596
14819
11254
12178
11638
12176
12204
8330
15532
11266
17020
11131
11125
7882
15202
10910
10593
10952
7803
9213
17927
16235
11151
31169
11299
11277
8252
14297
10353
7846
15017
8083
14727
7639
8813
19224
26338
11089
10840
248994
19829
14079
8938
16219
10740
10342
10343
12153
11120
10922
10667
10531
10509
7849
14629
10106


64283
10630
7779
6872
6222
6179
6064
9730
5956
6409
9412
5915
5731
5952
6184
5757
4464
9790
5821
6141
5978
5781
8763
11517
6368
5792
6560
5855
5980
5438
5928
4486
10616
8249
6184
4394
13597
6096
5792
4750
5235
10827
6076
5787
5706
66594
6863
9172
5960
5800
6245
11630
6919
6711
5851
22947
8042
6439
6726
6297
6281
17684
6196
5858
5940
6159
10637
5873
5819
9790
5990
5676
5959
5647
5865
5875
5880
4056
8742
5808
5923
4213
6565
7451
4329
4738
6148
6520
6965
17166
4623
7640
5832
11089
4876
4009
4278
4815
4213
4064
3979
3910
3937
2750
6686
4195
4269
4258
3917
2830
6116
4506
9810
4146
4147
2953
7036
3121
9724
3221
9145
4285
2853
22624
2405
1045
1066
1141
1927
1110
745
817
2140
1538
1249
1118
1161
718
1543
1107
1089
1096
780
1668
1079
1139
1117
1073
1104
1136
1176
1083
1142
1170
1032
1789
1104
1160
1062
1121
1081
1179
1116
1178
711
1811
712
1555
1655
1307
1076
745
2330
1148
813
898
2087
1124
1101
1057
1132
1247
1225
2753
1108
689
1390
1064
1069
1183
1030
1028
1437
1044
990
1019
1170
1113
4621
2734


