13366271
44628
38744
38322
36159
52050
38796
36697
60063
59309
0
59451
0
65688
54895
52487
55229
0
54884
62954
54776
65541
64433
55222
49596
55013
52290
51123
51050
49114
47893
48295
51141
53411
56504
57191
50133
47782
47187
49113
65937
48381
50752
46789
46504
50256
48783
63508
48131
47717
45998
48210
61884
43982
55897
51525
0
0
49639
50858
48556
0
61287
56880
49301
0
56164
41876
56325
40493
37767
38948
41484
38790
53282
43054
40498
43020
44010
41807
50343
42711
51946
40530
41419
51909
42972
43242
48195
57804
42365
50820
54894
42822
46070
59279
48659
46981
40846
56002
50787
40957
40905
47474
41621
40588
48476
42666
0
0
44464
40900
44338
50043
49503
0
49174
0
47958
48174
42785
42872
38221
37999
0
40387
40302
38803
40092
38993
37956
42029
40860
43625
52825
51221
40757
0
40285
45265
47890
39081
41092
37997
0
39004
39480
38171
42384
36258
37388
42351
51441
38367
38895
42811
65315
34523
33603
32681
35328
32486
34198
31913
33233
34356
0
35947
53009
34576
33568
33409
41666
33963
31896
40842
0
38168
32649
32232
0
33243
31824
32211
42743
43110
35894
111379
46149
46200
33900
32125
31094
0
30007
28605
0
30972
31999
32272


270976
93573
92987
80355
118205
84722
69236
64680
68505
66508
66908
65681
69635
71641
0
70034
77639
66068
134596
91528
163484
82990
69261
85139
72155
134257
46062
35598
60145
93582
59683
0
73861
81806
65696
75729
97670
96798
144418
79814
51717
21724
0
27083
21881
20256
20663
42061
0
21937
17476
29627
19586
23801
19866
23292
17412
15109
15795
15098
12795
12375
12333
12613
19360
17925
19045
21283
13442
15531
15971
18542
12895
15055
12651
12105
15070
14453
17034
18352
12913
12768
0
17090
17503
17922
15869
17518
20241
18217
16729
18238
21233
18732
17934
0
17908
15133
17964
18769
24062
21171
19947
22187
18419
20589
18409
77437
24780
24458
0
20230
21921
70997
21254
27872
25156
33177
19370
18053
41373
36972
18952
16813
14293
0
15840
13852
13561
17327
16680
15342
17674
21701
18534
16665
15820
16431
18485
15494
15578
16935
16435
16474
13438
13502
15703
15262
12795
21040
15162
30550
16840
16980
16678
27001
0
18251
14592
13592
18453
15759
0
18271
16036
13826
17229
36919
12683
16093
18479
31743
11611
10740
10975
13257
11082
15603
0
0
15329
13254
16478
0
17017
13220
11591
13347
12139
11705
33024
0
16025
13135
0
15848
12631
14410
12776
14154


