629917
41826
31566
0
37741
30213
0
0
30738
30454
35001
25677
0
30410
28949
28987
0
27648
0
26438
36922
23978
19383
0
19069
20038
17721
17955
21917
22656
17563
19296
19169
16699
17947
17641
17313
19439
27949
21856
23794
25133
26873
38491
31368
0
31551
57782
32243
34696
55249
48184
32388
34521
105958
39814
36504
32294
41415
26134
49541
60321
29541
26252
27304
35091
28306
28143
24896
26880
22713
27835
22090
0
29882
23943
28060
24480
24131
27175
28669
23189
25791
29794
25193
23847
97252
18202
15730
14678
15424
16657
14227
17190
14392
16639
0
14532
16523
13557
19122
14733
20104
13738
14066
13701
13339
17838
13948
15356
14270
15548
14339
0
14091
13969
122645
22505
22500
15062
14471
15769
17815
14395
13603
14845
15349
13407
19519
14521
13336
12819
12904
14686
13074
0
13126
97731
29369
18517
21625
13947
13455
15645
13662
14807
17415
15478
15020
13287
13728
23030
13003
16680
14589
0
0
13780
15700
13528
12629
13044
12861
12845
16410
14464
12730
12342
0
12762
12536
14266
14761
12511
12721
13045
12723
14505
12419
14470
13427
12922
0
13927
14822
13726
12872
15197
13266
14001
13897
12425
13252
12335
0
12124
14347
12718
18111
15173


133407
0
34468
21376
18943
24619
22265
18201
17758
24117
18400
18363
18686
19909
23608
18725
0
23792
17939
17841
18888
19282
20590
18316
21955
17959
40067
22372
18122
19046
24073
19027
19424
18194
20003
22473
19292
0
19454
0
18879
19037
19772
18760
19136
124990
44167
47095
0
40409
19457
18227
19194
24975
33056
31536
0
34327
32728
51654
42099
36334
36904
0
82417
12363
10754
0
11414
15647
10826
10625
13879
0
22769
11195
10455
10723
9699
10381
9032
12591
10165
10138
10874
0
10696
10593
0
10990
10393
10706
10378
10128
13740
9894
10020
10275
10996
11865
9779
8944
9031
8247
30086
13581
5012
4718
4873
4667
4983
4710
0
0
5275
4748
13042
4984
4720
5343
5208
4740
4928
4657
0
4718
5582
5579
0
4820
7207
8691
5594
4872
8176
5503
7513
5642
0
4858
4637
6698
5370
4696
6349
6127
4717
4639
4870
7639
5190
4718
0
4875
4832
6908
5806
5340
4656
4629
4571
4951
5793
7184
6063
6287
0
10979
7160
7223
7041
8426
8180
0
8520
8687
11714
10828
15287
13488
0
9963
6376
9800
31209
0
7985
4780
5120
4760
4467
5092
4653
9962
5019
4695
4630
6117
4620
5680


