33241333
54612
50098
48929
47829
46570
46269
48081
0
50620
48934
51064
48273
46477
46195
46475
47838
45938
0
47361
50552
46363
0
142205
54122
49740
46306
48354
45943
38414
38938
38527
37901
40677
40937
43822
40169
43041
38656
40110
38651
38168
37676
39751
38518
47233
39181
41436
37108
42507
41580
38768
38228
57234
53473
54140
0
41603
52055
41475
0
38503
42267
41863
37977
40045
41934
41655
0
39093
37006
39082
36854
52198
41101
0
39345
41430
40598
31712
33288
31615
32786
0
31825
34075
31676
31512
31014
30493
30806
32495
35394
33028
30868
35437
31314
32044
30545
31651
30924
30578
31458
51368
37693
37544
37994
32242
34960
29654
34909
29414
34925
51373
39893
0
31115
36912
30341
36430
29394
33977
28395
28348
28861
31373
33372
28812
28630
51361
39913
33344
35717
56026
0
62231
48594
50436
51307
53966
47021
45010
115338
54117
66922
49873
46308
47604
46208
0
51584
47113
43520
43714
46789
83245
42648
42805
0
42841
43122
42962
42437
0
50810
43064
42237
42698
45584
43190
45418
45284
42276
49703
0
49482
0
42565
46656
58404
50939
45857
47225
46173
75536
104883
41811
40117
0
41059
39930
38843
38872
37578
52746
38259
0
44266
38112
37293


