12710731
41324
31013
0
31014
29012
26084
25710
30002
0
0
27889
26410
0
27048
26356
25158
27329
25967
24820
26034
26604
24933
24756
25715
0
24665
24786
26479
24865
25769
24794
26277
24887
0
25635
28380
29029
25079
26423
24306
26311
25562
24837
24937
27482
25013
35722
29087
24609
25943
26628
30696
24908
24903
25052
0
26433
26343
25088
25252
27863
25219
24964
25110
24674
30155
30190
30199
26792
26694
26418
26112
24477
24743
24507
24607
26495
25302
0
25991
24773
26793
24788
34178
25377
26373
25502
25936
27970
24901
0
26857
25119
27354
24529
28062
26297
26757
27958
24582
24423
38727
47599
26995
25814
0
109648
28698
0
51959
27130
24867
28330
24210
25835
30923
27280
24431
26916
23467
25957
24647
32591
23264
22750
0
22891
25399
0
22736
23763
24394
25091
25035
25350
23978
22171
22046
22923
33539
22612
22141
37412
27583
24857
22519
22472
23584
25207
22400
22511
23969
23636
39563
22066
21220
22477
21691
22858
21833
20976
22303
25637
23216
22489
21678
0
20021
21981
31492
22756
21427
0
24545
25646
23181
20829
28831
21472
27119
24712
0
19364
23350
22346
63238
23335
25572
21090
28693
33435
21790
22339
21940
20741
24597
20729
19340
23679


132671
58073
51701
51185
14417
12251
20769
12096
34271
18333
20503
19367
22860
29945
22065
22201
19934
22089
20156
20849
21460
21332
13633
13889
0
29349
20477
21781
25064
23101
0
23325
29157
56113
28961
23328
22248
22835
21641
37965
22452
22068
23642
22721
32120
0
24152
41731
24726
27787
24161
25211
23337
22521
23090
25603
22838
21078
24500
0
25285
0
26787
23712
27976
21840
21208
23922
20025
21874
47269
26516
0
0
32176
21844
20491
22019
24568
24053
23220
19437
18473
25159
0
0
0
21203
32955
19835
19823
20101
26022
19893
20083
22567
0
22407
23022
22746
19889
0
21369
24895
19262
17016
21005
0
43796
0
21584
18871
0
22044
21320
22143
19500
20956
20087
18915
22836
21989
0
23942
21238
0
27038
20104
22014
21683
0
25121
20568
21082
22361
24836
21265
0
22381
22449
23219
22335
22886
21842
22052
21654
19697
24277
20257
20038
0
36035
19261
17699
17870
17720
20696
16753
16701
17005
16299
16466
15911
16181
15041
14859
20713
0
16729
16026
16659
16114
17141
17847
0
18791
17119
19463
16538
31145
20283
21053
17786
20017
18486
19272
14873
16265
0
19128
35337
19363
19182
28590
0
0
23706
91195
24703
0


