1516498
133018
137868
98416
109357
117075
91465
109643
97047
100415
103565
82987
82273
27896
23625
27800
24021
26835
23146
23575
26755
28767
25402
32368
21294
23504
21079
21652
20675
20506
23723
41004
21655
25849
19440
22471
27094
17884
24275
18312
17403
17427
16934
19191
28933
21028
24175
20181
35241
24159
22117
22313
35079
34349
27761
20514
20252
23469
27877
22389
23930
22354
19425
38129
23123
67235
24890
18173
19253
15618
15160
22536
19093
20853
15918
17110
21872
17338
15433
19718
17056
19623
16414
17005
18773
18242
41768
15791
14741
28991
20793
16472
17661
16726
21927
15408
12725
12560
12669
14440
11744
12001
13051
11869
16682
11291
10868
10182
10352
13092
10341
10579
11456
10740
12529
10654
11038
10537
10434
11244
10692
11416
12352
114135
13001
11248
11188
75383
19912
11616
10643
10549
12818
10513
10511
10021
10254
11876
10174
10505
10248
9858
12342
9125
8723
8214
9352
10059
9268
8291
10336
7659
7708
7571
8150
9311
7402
7334
8001
10302
10836
7590
7944
7319
7355
9283
7464
7717
7212
7654
10611
7704
6870
6315
6299
7984
6581
6237
6033
6197
7859
6119
7403
7999
6235
6196
6159
6171
17608
5722
5654
7258
5499
7266
5303
5843
5966
6376
5621
5127


66961
21862
23209
16951
66725
17016
15700
22072
17110
16722
15138
16609
21901
15361
20189
14653
15694
28135
16146
91060
27066
21302
23084
15673
15709
21136
15155
14300
15332
16061
23492
14726
14469
14349
15150
29746
14630
14870
14702
15310
20363
14764
15169
14086
15001
19945
14356
14589
19998
14455
19917
14861
16913
20724
30510
29475
16120
16241
20592
14709
15001
14279
14955
20262
14255
14501
13989
47234
20680
14305
14791
14190
16801
25638
17407
15311
25799
15347
20286
14168
14421
14548
17548
20389
14159
14038
14564
14499
19279
14528
14568
25792
18321
14691
14177
14223
20567
13995
38775
14262
16911
20398
14086
14759
13891
16697
20389
14148
14793
13671
14195
20539
14671
14751
13754
14655
24754
29455
15245
3881
4940
5581
3837
4119
5496
33072
2539
2130
2216
3511
1851
1994
1924
1813
3520
1836
1827
1761
1896
6050
1924
1904
1824
2133
3449
1801
1917
1851
1824
3390
1966
1859
3420
1840
1807
1802
1786
3561
1766
1864
1815
1844
3663
1789
1844
1887
1882
3467
1824
1833
1762
1817
8932
3300
3080
5102
2906
2967
3501
3034
4991
4563
2993
4027
4149
5358
3353
3382
3346
3424
7474
3370
3634
3538
3373
7203
3346
3512
5860
3285


