89972
31641
34098
22953
22222
21086
21812
28075
20044
20645
28258
22013
20120
29867
20401
21020
21668
20596
22026
21031
21418
37982
21424
22131
28075
19770
20396
28424
33445
20634
20809
21590
21327
21283
22994
30706
21596
22562
28399
19631
20211
28508
20527
21078
20168
21440
21216
20565
20896
28221
20436
20786
29131
20087
20394
29666
30431
27078
21395
21009
21626
21109
21766
28420
20902
20856
29851
22295
47642
29078
21000
20465
20563
20628
39572
5497
5790
7858
5610
5833
8312
5506
5528
7791
5464
20298
5700
21252
8589
5448
5569
10793
5928
6047
7683
5515
5425
7749
5390
5877
5430
5774
5800
5637
5980
7845
5610
5673
7743
5499
5323
7547
5165
10474
9783
5175
5360
4941
5282
9318
5183
5126
7357
5276
5455
7490
4864
6705
5284
5232
5087
5073
6210
7865
5054
5268
7251
5004
5219
7289
5179
5405
8528
5217
8093
5008
5123
7980
8176
6451
7690
5636
5809
5341
5771
5514
5230
5498
7639
10135
5702
10447
5214
5248
7498
5439
5256
5440
5355
5215
5499
5460
7469
5486
5370
11327
5500
5529
7702
5331
5424
9792
5452
5720
5581
5355
5496
5237
5267
7777
5904
5724
7850
5699
5701
7633
5673
5829
7636
5182


54985
4269
1632
1497
3519
1778
1683
3140
1646
1554
1520
1418
2982
1421
1415
3125
1579
1497
5253
1485
1400
3092
1483
1448
1355
1496
2963
1375
1585
3213
1313
1506
3044
1446
1421
1375
1443
1534
1456
3758
3566
1447
1376
3018
1813
1437
3050
1362
1414
3023
1282
1717
1370
1376
1411
1411
1375
3716
1484
1496
3143
1331
1401
3097
1492
1356
1397
1389
1304
1474
1492
8635
1568
1446
3156
1504
1519
3075
1598
1479
1540
1440
1349
1516
1362
3454
1388
1384
4714
1418
1539
3529
1339
1597
1412
1442
9001
1551
1351
3371
1398
1350
2963
1375
1493
1380
1700
1593
1546
1717
3128
1501
1520
3148
1375
1521
3034
1393
1391
1498
1388
2981
1398
1404
2946
1392
1646
2978
1324
1392
1396
1394
1329
1319
1427
4405
1370
1325
2925
1446
5018
3180
1340
1401
2945
1345
1460
2885
1444
1355
1383
1337
1320
1337
1316
3196
1351
1366
4713
1508
1688
1540
1577
1339
1491
2113
1957
3118
1456
1478
2974
1318
1378
1634
2648
1398
1407
1386
2919
1419
1397
4357
1308
1443
2996
1394
1448
1390
1606
1402
1463
1506
3954
1425
1421
3186
1516
1354
3091
2071


