82913
47471
29910
55395
29086
28694
27011
22339
32557
30263
23398
31527
23996
22425
54743
37870
21983
20805
43201
39225
30268
30994
22789
20296
22470
28765
19316
19577
22240
19103
5717
5598
6438
5379
7342
5438
5450
6294
5446
5623
8814
5480
6941
5337
5232
9044
11700
11590
7796
8996
9045
8580
8929
11819
8735
11599
8702
20745
5665
7442
8190
5559
7694
9464
5513
17029
6986
13425
5149
5014
4830
4843
6515
6818
4654
4768
4898
6499
6761
5967
4785
4816
4789
4882
8484
4773
4775
4709
5241
6527
4686
4612
6303
4464
4502
4694
4483
4604
6291
4462
4374
13116
4530
4374
4395
4418
4721
4581
4675
5402
6158
4492
8999
4608
4409
4649
6523
6356
4469
4513
4231
4276
4312
80074
6906
3943
3679
11898
3915
3385
3467
3326
3341
3261
3344
3432
3371
3528
4709
3295
5065
3204
4539
3167
4806
4669
3260
3208
3223
3117
4339
3215
3070
2938
4670
3045
3207
2899
4638
3055
3000
3049
4597
4529
3285
4782
2926
2987
2786
2703
4189
2870
2728
4098
19418
4340
2796
4195
2968
2746
2666
2745
2733
2753
2794
3994
2814
2678
2715
2611
2710
4841
2799
2725
2865
2674
2540
2755
4138
2842


39390
7992
5490
4784
4829
4399
8000
4284
3782
4287
6224
4275
4069
4076
3872
4157
4318
4233
4052
9824
5899
4175
3991
3993
4132
3834
4263
3979
3882
3966
3921
3820
4125
4239
60773
7975
4674
4326
4423
6049
4660
4773
6282
6701
5065
4488
4614
5189
5985
5150
4390
5696
4760
4475
8131
161881
9218
4918
4659
3889
4375
6220
4121
4145
4034
6074
4175
5854
5500
4393
3835
5589
3963
4334
4250
3832
8180
5047
3846
6032
4153
3772
5519
4005
3995
4527
3971
4168
4220
3977
4477
4470
3815
4202
5434
3998
4082
5243
4146
4103
4147
4308
5672
4208
4301
4250
5362
4167
15189
4135
4302
5604
4291
4171
3894
5406
4309
4072
4465
10025
4861
4883
5527
5801
4798
7593
4619
4504
4037
4294
5773
4209
4525
4666
4083
4648
4176
7452
4644
5399
4373
5766
4314
4058
4276
4488
3947
9819
5236
4110
4078
3902
3978
3673
3743
5792
4196
5202
3500
3739
3719
3860
3275
5092
1326
969
1339
2495
1291
1393
1306
1072
1496
962
1040
1042
1006
1055
7539
1424
876
1683
1304
5927
1098
811
1192
1198
721
2258
1449
1954
981
1923
1055
934
845
3259
2105
1475


