369724
7740
8220
5776
7242
6922
6807
5365
2754
3762
6725
5278
7400
2360
5404
5452
3033
4458
1341
2812
4384
2731
2854
2651
1207
2732
2897
2895
2693
5502
3866
1584
4039
1505
1315
3940
8111
3347
1712
1278
1266
3330
3069
2686
4238
1997
3108
5819
2742
2335
3616
3792
3480
3869
2550
2993
1057
3820
1309
3686
1700
1571
3690
1289
1247
1562
2992
4617
2945
2579
3660
4355
1561
2898
4414
4647
2874
1167
1151
6111
4223
4124
2685
1107
3862
3001
2874
4011
3717
1197
5738
4332
3647
1159
3439
8921
8669
3792
2467
3640
4134
2904
2599
3927
2467
3310
1078
5633
3168
2830
4456
886
2339
854
1001
2255
4109
1057
1939
3209
2090
984
3862
1104
5643
1466
1031
3987
7904
1349
2760
1624
2995
1055
1855
1653
5215
880
802
2907
3667
2897
1635
859
1601
4296
1966
890
1641
1867
2473
834
887
1656
855
858
842
2047
935
1629
826
2488
2224
774
1686
1628
2347
830
1549
2353
802
4487
994
1733
800
3007
1653
2805
867
3721
1926
1024
1628
3453
1565
921
841
1594
984
2182
881
755
2370
2178
797
756
1436
2143
2213
710


15891
17361
11648
4755
14856
12323
4179
9231
7838
8127
8006
8361
14260
8103
13446
13534
9531
4768
9594
13062
13459
4602
13535
4520
4380
12703
4833
9056
8385
9683
13215
12812
20012
8553
8913
4773
5300
12946
4669
4467
4571
4240
6424
5203
7928
2559
2537
2557
4711
2601
5335
5091
2512
2500
2522
10113
2662
11864
5078
5000
5364
8057
7757
4853
27562
3206
5447
5413
21284
2680
7460
7284
5218
4952
2585
4714
5102
7313
2825
5022
4917
2556
7460
7303
2739
7336
2613
7511
8054
5247
8036
2742
5030
2642
5147
5492
7390
2591
2678
7965
12882
12755
5160
2637
4728
10578
2477
7151
8019
2535
5143
2578
2758
4866
2528
2566
2558
2553
8484
2639
7425
4791
2559
7400
2690
8224
2639
2644
10333
5044
4966
4853
5451
11693
17666
9681
6556
4816
11641
5059
13399
2704
2684
4931
12689
2796
5453
4687
6534
4802
3296
2742
7622
8408
2801
4654
6939
4937
8943
15148
4296
8302
7022
3192
2618
6350
9471
38404
15723
2629
2727
2708
2753
5717
2644
9746
2860
5694
5345
5924
5174
8693
5530
5467
5334
5546
2901
5532
7943
5243
5284
2886
8909
2905
9071
2835
2574
5166
2625
5160


