17260
117594
13415
26828
16732
30472
33431
13709
16174
3326
10675
19518
51595
14865
17534
2469
9342
20477
39623
12449
47126
34970
25330
26983
20836
37532
48494
20601
9186
20906
42922
148225
4010
33023
21796
5432
26882
13460
2441
18581
32319
23865
17398
8730
16517
28555
18829
3441
10655
19732
17113
7077
37428
55827
96151
50418
23752
12434
13796
4536
10129
47181
35691
40664
19640
9203
12446
17168
23976
10338
9609
20364
8755
19723
5140
46124
17395
28983
16844
12090
17226
27528
20514
12165
9681
38384
10352
10250
7646
4980
1535
6418
1945
10052
18033
6048
6168
2564
7447
10584
12290
6672
11746
1992
9376
10578
16523
7135
17727
10707
10253
20719
14698
5092
5774
3024
40788
10252
4583
6130
2838
8882
6416
6587
3978
4564
7164
18063
5506
3567
9658
3761
3765
5329
2244
2618
3989
4503
2734
2924
3820
14784
7523
2632
4882
4454
1029
5094
1382
3544
8153
6905
11633
2026
6982
14347
28417
4471
3194
4659
1837
11285
850
5055
938
6872
8464
1642
12558
5128
3816
8756
6281
3021
959
3331
13942
1023
5428
4430
2131
4080
4562
18841
2041
5685
7622
2800
987
9327
4958
7856
9318
12807
4351
3764
11865
4830
2222
3040


112719
24513
18776
5883
41972
18894
4171
36024
59198
18868
19689
3554
25698
8649
15072
3618
13468
12873
2484
28148
21854
8031
12755
4829
2290
11678
14985
26625
45680
2048
2932
9937
31368
15932
6443
7528
10163
14924
15584
47202
131582
7081
4931
16361
7444
6667
13448
18157
8128
19899
18696
12907
75165
13343
8730
14956
12025
16008
18197
7425
10172
16101
5389
38838
11958
20790
8787
3961
13671
9187
7111
11603
25526
22340
30483
37695
27787
37522
26644
6610
51480
13325
9508
10079
6171
7753
9788
11973
10168
6581
17094
5462
8811
12027
29054
35146
52535
26862
34817
5152
17270
63566
8902
8802
12595
7284
15916
11208
10059
7911
12638
1604
11407
2036
22186
11295
10849
25263
23851
24150
27399
16174
14861
11657
16569
78289
5823
12414
7647
6321
10392
1391
5351
2809
1418
6565
3436
1721
1102
4605
5434
1219
4953
8376
1586
10902
4631
9890
11253
4050
10199
5547
31997
481
5696
2688
3015
2606
3125
2549
2433
1004
4354
1542
4701
9067
1539
2998
9480
4917
7323
4049
6669
14611
29988
1334
3178
2637
2672
2319
1932
4605
2671
777
3558
7786
2352
5188
7101
4537
6719
1402
3402
12101
3011
1258
1765
4573
1077
3732


