54379
14937
9267
16970
8567
13829
3929
13665
8114
45532
9362
7531
5973
22243
6081
13458
14440
5676
12686
10189
10021
19436
9744
12803
38829
6630
3898
10254
11371
8235
10260
30184
7075
8558
7007
5066
17710
6267
8661
3167
12440
5403
4587
15448
42000
8301
4161
3094
3806
11417
10367
15569
52554
7099
8102
2785
15264
5438
3515
5726
14260
11227
19458
5119
6898
9664
9834
7971
2776
11601
12549
3383
21950
6140
5983
3300
9527
27721
2943
4480
10779
26064
8864
11934
31781
24261
14963
25897
5557
2925
9446
16224
6387
19525
8700
9357
13397
7144
7665
5238
6790
7984
14086
17508
41762
7976
6353
7211
7447
12344
6598
8767
6454
6675
7318
9939
31152
6149
11186
2113
12780
12939
3437
11904
5056
10119
3139
8753
16698
6910
17135
6651
3590
8465
14937
8236
10564
14849
2985
18288
8202
12557
5912
7472
1303
1108
2619
1182
1782
12003
1533
539
5854
1960
1567
1939
3017
1591
2506
1878
3636
9373
2413
1243
2991
7371
2141
1374
2519
1151
3326
720
3275
2538
4045
1224
2403
3283
1940
1688
1911
2982
1190
4163
1787
3048
1131
1857
3117
3529
7616
2781
1879
2307
2938
1331
5888
1378
1787
3920


33687
12324
5618
14702
6596
19382
19918
58725
12755
7231
3005
6753
7587
5861
6128
15812
28321
60518
12084
7271
3137
6730
19364
26151
14171
7186
3708
12559
28422
3017
4082
13139
26350
7864
7702
3746
3799
19520
6444
7230
5464
6523
14794
4969
14615
23425
6051
8601
3061
16100
8788
8406
18071
14501
9140
8346
15812
26033
33065
2936
9174
7554
8218
18737
29670
12258
12061
18125
9203
11265
28662
5857
6639
7676
5640
10848
5560
5664
3440
13742
29240
7226
4903
4668
22241
1981
13571
3903
22409
2037
17347
4270
7266
8932
22861
12990
4875
6307
12958
13245
6333
14027
6600
4768
10071
7363
54977
3865
10882
3683
18035
5718
23864
8826
6138
6110
7589
3260
4415
8574
9662
17463
14187
8184
8439
32253
10513
6675
2390
15656
19086
8066
4598
6867
3413
27367
3716
6918
21505
14621
50375
7066
16419
13237
5744
3963
21629
13400
9882
6273
6427
13516
7405
2704
11262
7712
6938
8089
7013
11096
5446
12959
8195
6219
5017
3375
7708
20719
9073
10674
7570
6151
7762
7400
20904
6682
5555
17515
2741
8971
10172
14790
15927
11105
12614
20561
7620
63515
10860
8508
11497
7227
6265
7647
6758
7422
5227
7897
11883
28564


