202857
169612
87110
161173
99814
102859
82909
0
99152
74865
84655
80528
74378
163329
83070
84836
67348
74877
81917
99136
0
69853
85700
0
80927
67166
71188
104667
71002
74114
67344
67234
182516
68902
64667
70994
102724
59530
68325
53496
62274
0
0
92720
157248
117399
98602
0
0
126808
89762
78042
84758
101348
74141
87391
71504
82832
80008
96019
85174
120178
82308
81043
72842
94345
81734
0
73420
112805
72710
86035
148268
125801
99889
92951
134666
93259
85165
72937
305745
67110
64673
67381
60194
151896
75326
73719
75399
72953
64169
96687
72302
91204
0
92329
71939
100970
46796
43312
81445
97556
52595
92459
52883
50201
49704
47168
82609
177267
98346
108246
107941
87691
0
332455
78375
105935
108669
160999
82773
74327
147428
56905
53093
48736
63019
98349
87675
68466
67290
69141
64259
102368
72863
0
99752
58185
71554
59050
68416
53606
58279
59265
54251
68681
55052
57201
56575
81181
52963
61338
52097
53353
74934
60649
58185
142306
62616
68861
50487
31845
38884
42490
38698
30758
36984
54307
42602
0
46912
56778
43490
49176
0
0
57385
0
37764
36712
37065
51579
39507
38206
44940
38687
0
38113
36652
37112
40420
42225
41255
43569
65214
42402
38367
36457
35386
33270


