12553050
69870
35149
22648
31064
34416
0
37334
52675
38009
39545
0
40612
43490
32812
38881
40783
39203
50525
37326
33625
32530
21665
26257
21547
0
23986
26100
20589
26182
25732
0
26327
22277
23334
26922
23426
24433
21598
25980
22226
32482
20930
23710
20808
23052
28362
20842
24736
21737
0
23213
21423
21178
21342
26245
22424
20512
26450
0
24593
22304
23715
21792
20625
21928
21880
21658
20863
19897
21397
27464
22387
20021
20000
24892
23117
37126
30912
20988
0
25026
21583
25645
23171
34707
19987
21674
19883
19807
21082
24972
22767
26888
25366
22420
0
29171
19375
19418
19090
19308
19443
32021
20189
24939
19988
23781
19231
24568
19328
18372
0
18595
21235
21377
0
19016
20444
0
18469
23927
19001
17149
29696
25090
16896
21051
0
18382
22152
21453
26264
18989
17119
18359
0
18480
33257
16278
27251
19360
16129
22143
25244
17368
16173
0
19007
21453
20206
0
19989
17798
16711
15135
18567
26570
17689
20825
15210
15443
22568
15867
15731
31240
15519
24595
21009
14912
17455
0
18751
16791
27343
18658
19747
24477
17285
18041
13864
18280
17115
13778
13360
24281
54506
25075
14713
26312
0
15196
0
17706
14101
14727
14636
14672
18170
18042


213089
0
80827
50426
60310
37960
50628
37995
53672
56352
0
0
48358
37121
45659
37209
37325
36824
36653
36423
44292
37802
45175
38996
46874
39905
36825
43188
41109
36982
37183
37484
54661
46281
38308
77563
40550
61643
0
0
44640
42195
39175
52113
46994
39432
40962
37899
45288
91473
61043
152383
76012
67848
76292
65389
61364
19203
15738
13969
15986
14110
14962
13610
15123
17581
13556
17500
13413
13303
13713
44146
0
27613
14877
13859
15427
12932
12772
15840
17409
18793
0
13534
12553
13359
13509
13055
12360
0
12063
12594
14369
12749
16968
18098
13292
0
12979
14410
14230
13726
14832
15836
13250
13219
0
13075
12644
13414
12427
12782
0
0
12344
12567
24086
13782
14596
0
12050
12352
13207
12754
19246
15643
15183
12835
14028
12170
13013
12952
13327
18421
12020
12848
12707
12107
11981
12583
12618
12448
12058
12382
17002
0
11557
13841
12322
11413
11837
12133
13462
13956
23315
14404
12402
12123
11741
13883
14292
11480
12878
12378
13152
12429
12289
11943
12030
13131
11932
14941
11626
11754
0
16238
15583
14310
13588
16022
14044
12254
12074
11616
13249
12417
11149
13535
12860
37163
0
14383
0
38827
18253
0
12169
13775
11936
0


