54939
12644
10814
10250
14607
10104
43203
10593
0
9675
13542
13740
0
6230
3222
3823
4747
3255
2644
4581
0
4726
3052
2550
4084
2511
6579
2976
0
6066
2912
3301
0
2893
4608
3139
4648
5155
5543
2814
4229
6055
0
4670
2647
2550
0
4828
2634
4527
5166
3058
4603
5271
2785
2597
2567
3040
3858
5809
2751
0
2652
3495
2788
3333
4237
2696
4594
5411
4045
4965
5637
2704
4198
2952
3973
2651
0
4072
2764
5767
2679
4047
2700
4360
3473
4597
2772
0
4310
2701
4200
2733
5100
2690
4965
5569
2677
5080
5769
3505
4188
2681
4489
2884
4240
0
3889
2635
3037
4942
2634
4510
5253
0
3992
2881
5714
3122
6834
11875
8163
0
6406
6291
6569
7905
5754
6532
5799
5908
5917
5820
24519
7233
4754
4584
4132
8463
0
6816
4682
4907
4405
21518
6211
8169
7414
8195
4747
5271
8957
7044
6184
6499
6710
7220
0
7574
6502
6979
5980
5850
6792
6230
8533
0
5747
6326
0
5868
6123
0
7046
6167
26800
16643
7027
6539
5953
6831
6499
6735
3956
6045
7318
5952
6156
6544
5667
0
5658
6520
7090
5849
5541
15426
7823
0


60525
32321
15461
28148
19966
18243
22717
18806
16022
23659
0
19997
23660
16932
17485
26074
19652
14727
19060
14513
19390
14829
20867
21007
21292
20292
0
23406
21723
72250
19596
23390
0
20868
23427
21152
21019
25284
20637
19916
28964
15792
22709
21073
20408
22229
22289
24832
19229
20713
23113
22019
11213
8618
9742
0
8263
10237
9673
0
10384
9436
9245
8448
9820
10416
10271
0
8519
8536
9327
0
45448
9844
11359
10024
8463
0
10959
8490
0
8723
9287
10255
13550
8357
8230
14078
10846
10089
9795
10379
8529
13166
9480
10331
12966
0
0
18388
8785
10735
8375
15737
9459
3930
0
2625
0
2474
2512
0
5525
2723
3537
2842
3241
3384
2917
2974
0
6216
0
0
4417
2740
0
3351
4496
3087
3030
2590
0
6023
5312
2941
2870
3188
0
3727
3779
5078
3349
0
6056
5675
4150
4869
4299
7353
3506
3174
0
4182
2711
2666
2437
2989
0
15916
2666
2439
5172
2487
2559
3621
3329
3015
3589
2529
2593
3015
2799
2581
0
3919
2418
8931
2514
2655
2715
3214
3736
2658
2594
3255
2690
2474
0
4447
2566
2512
0
3217
2443
2488
3504
6379
2788
2472


