122824
37253
10077
8422
9712
0
31528
9478
16144
16005
10880
19111
8956
8929
13443
8809
0
13232
12769
14809
9042
20745
9126
11343
16679
11785
15476
8423
9723
10167
15348
0
13321
8617
135560
58174
52235
32006
19738
22845
49900
105032
20780
24412
23115
18234
62084
0
29262
35629
18674
61228
18173
58687
22935
49777
38998
37544
0
42686
23619
34311
17834
47446
18298
17716
21401
56964
18174
26316
16768
68605
22006
25120
50137
42244
42623
36403
26060
66225
36240
33578
19774
16677
18169
16583
16716
16648
87491
42548
115586
13228
0
11286
4948
4806
7752
14058
6222
29640
7530
5608
5265
7464
5459
0
15953
5824
0
18564
22047
0
17148
8401
15909
14687
20584
23482
8418
15610
15071
9308
0
7997
0
0
10097
18744
9618
10167
9668
0
8091
9525
21572
12973
9708
15248
9647
11726
21641
37581
8077
8747
12266
0
5304
8639
6534
8014
6752
6549
12515
10362
10027
33046
13328
6675
8385
6391
11176
8115
10385
9797
0
6075
8508
8963
6345
7974
8578
8769
6795
10506
10129
6258
0
5197
7150
6315
6462
15802
6492
7928
0
5245
7062
7534
6615
6491
6274
6291
11657
15469
31451
9802
7385
6791
7409
11722


72845
50277
19188
17872
18049
47809
17794
0
37416
22929
17398
38107
29266
0
34844
0
18091
27600
26019
0
35807
57338
24291
28769
17035
34709
33476
23375
27740
22746
23805
23395
22935
40742
46520
24578
0
23537
23140
24821
33363
198917
53514
44773
49209
0
29272
0
52988
24831
24243
49737
34545
24684
0
36939
40547
32161
24536
0
24713
0
23470
0
34997
22610
33884
0
22353
0
34179
23743
69445
32776
36231
29993
25095
37909
0
55650
25169
63891
28298
79063
37621
35470
42305
27527
30598
17769
0
0
24370
39469
34295
47638
49944
27007
41894
30102
70052
32085
40815
30591
27119
64711
36709
0
0
26625
12304
11150
13914
15056
19700
10645
9821
10512
10645
10250
9901
10140
9501
9913
9736
33291
42441
31071
11128
152595
15480
36297
10532
18622
10008
0
27273
11473
0
34012
48601
34619
46131
0
11560
17362
17890
11038
49644
21268
10502
13286
42250
39080
17147
0
25482
16392
10068
14632
34971
10968
0
11342
17439
10440
19459
9976
10005
0
92245
19961
10967
11389
13476
12228
17171
55008
0
0
0
15910
10416
14644
20542
0
0
18163
0
10167
12856
13529
20255
12945
21753
38500
10993
10625
10718
21494


0
0
45973
0
12416
19021
9273
9652
9759
13790
9731
9284
0
0
0
19439
9426
21405
16317
17433
19868
9483
19564
19360
9258
21340
210011
33742
36266
29907
23890
16115
32113
27133
23977
34697
15697
72327
24702
33466
0
0
28873
38975
0
24133
34477
44733
36529
21404
37495
22251
25678
0
0
29088
33246
32657
28015
21729
22083
31346
29483
0
23424
21471
20335
26431
20645
21736
0
34909
147269
0
64109
0
39626
17046
31694
16804
23314
26584
28494
16885
21562
17732
21485
26750
34618
63398
0
22796
37491
0
23667
21416
24310
39511
21003
20943
49510
22799
0
49419
25179
26231
52718
21574
21113
6178
10748
6293
6723
0
0
7131
9542
0
6566
0
6468
10478
0
6545
47898
13810
12084
6608
6770
12650
0
7012
6915
8207
13879
7053
6401
12161
9438
6288
9272
8860
6586
0
14748
7927
7374
6682
17500
12841
6489
6860
6465
6336
6289
9512
6569
6634
6193
6256
6579
13751
9826
9547
6409
0
7975
64005
6787
6529
7987
6366
12247
8225
8181
6523
11999
6602
15175
16958
6844
0
10178
9367
9545
10868
7794
9293
8032
6619
6778
18447
11792
8258
9161
7855
13537
12845
10199
6662


