177819
52278
84287
42494
36245
41176
40828
40718
36228
35829
48293
41931
50865
41020
39639
39679
40771
34641
33740
41113
44959
34577
51529
40138
40233
35370
35381
40246
38912
32138
35691
37828
36876
41918
30489
36303
37334
45417
32160
40703
42802
33021
31483
37669
39592
44799
45252
39672
39597
39177
38639
32559
37415
37204
31317
32264
39228
43180
37564
32584
63561
40440
38531
39362
31972
37889
36943
36667
32690
45785
47241
40036
38153
33587
42654
63859
33058
31624
37460
39692
10938
10724
9290
11033
11567
9215
9167
10851
10943
11164
10649
13407
11942
10947
9106
9319
10942
10733
9109
9179
10911
15678
11020
9483
11429
11509
12613
13484
11316
12852
13393
12461
10182
11959
11596
11954
9755
11140
12628
11669
11450
9947
11431
11212
11247
9764
11386
12358
11609
9781
9851
11393
11394
11334
9586
11755
11169
12373
9549
11368
11316
11691
9433
11377
11315
11175
10374
10401
11652
11331
10892
9448
9636
11281
11106
9367
9552
12022
11380
11345
9538
11315
11374
14715
9530
9937
11252
13740
11111
9572
11346
11250
11045
9508
9643
11459
11531
10544
9864
12609
11364
10988
9436
10369
43661
7645
5689
5485
7108
6516
6465
4757
6695
6341
6236
4584
4629
6255
6209
4452


33745
30993
32821
17661
24052
31228
21515
16810
17770
22214
21173
15208
15691
21262
20713
19976
15356
20830
20551
19986
15049
28368
20213
24638
14839
21007
20751
19794
14405
14843
30775
25118
27910
21978
31186
37485
30143
26292
32736
32158
26126
26301
32675
32797
24262
24395
32364
40590
31540
24555
30547
35157
38936
25221
24620
32295
32903
25440
26178
40012
32136
33291
25263
25040
31638
33363
26602
24763
30655
42986
31643
24168
27890
22142
20753
14644
15607
21076
19659
14415
14618
19167
19500
19069
14989
14790
19579
19898
14898
15575
20074
20621
20151
13960
19846
19725
24047
14976
14355
20663
20413
19479
15895
25376
20387
19419
14976
14297
23923
18890
14834
14317
19397
19561
20116
14284
19420
19523
19644
13944
14690
20194
19654
14663
14909
20075
18819
18761
13689
13673
19130
19089
14985
15254
21614
30907
24479
14648
19862
19584
14979
15563
19532
20033
19535
14421
18698
22473
32428
14564
24662
19383
19192
3724
3944
5579
5582
4034
3804
5188
5297
5459
3860
5439
22259
14180
5246
7269
8050
17728
15008
5315
11547
9751
11613
5059
6081
14184
12812
9788
8991
15985
10850
11508
5149
7448
8453
12162
10339
4860
24767
9319
9486
5520
8920
9657
7873
6186
6109
9703


