2245058
431497
406395
417738
373875
237623
237475
210051
203376
232456
183645
72622
71280
88052
87424
56499
68409
51385
62316
45125
61497
45916
46334
42697
46320
46644
45934
37453
33053
32192
31558
30916
31121
40511
33147
30154
46541
29476
28568
21834
21227
20706
22386
22330
29342
40288
23686
20437
20205
19229
27016
25113
20377
19834
20557
19755
18607
22511
15868
15229
15278
15174
17021
19798
15920
15978
15917
14092
14179
14374
15554
14205
16129
16679
15902
15917
15181
24053
16261
14268
14352
16015
16013
16046
14830
14204
14325
13120
13142
12779
14189
14491
14321
15854
13624
16258
13833
12343
12869
14448
14422
13963
15478
15577
16760
12805
13075
13550
14480
18636
14086
13977
13320
12652
12327
23549
12519
13839
19476
12861
15315
12009
11115
82312
12509
11324
12589
14702
12249
13101
16101
10955
10680
10455
10509
10315
12023
12063
12153
11926
10098
10074
10488
10532
10223
12099
12873
12373
12048
17577
10239
10531
10167
11299
10409
18062
13917
15098
13405
10982
11486
10961
11050
11219
12556
13039
13099
12628
12233
10947
10870
10956
11954
10981
12767
12759
14220
12745
12710
10825
11609
10983
12309
11319
13832
12799
12157
12317
13426
10826
10608
10947
10842
12620
12287
12187
12010
13654
10819
11781


231790
31217
26876
32971
20376
20155
19917
24509
24504
24020
25020
18876
19159
71239
17886
19770
23983
23899
23191
23000
24514
17735
20927
24489
25559
23603
30379
24099
17948
17442
17766
20269
18341
23915
22859
43871
25330
22542
17723
16905
18362
17944
18267
23370
25297
23437
23290
24293
17720
17589
30584
19167
18607
31657
24342
24255
23889
23974
18148
16985
17895
18680
24535
24339
24969
23807
29738
18332
17963
18521
17959
17908
25479
24983
24858
28209
21306
19343
20770
18749
18307
23804
23763
24004
24724
23669
17998
17237
17950
26447
33702
8783
6334
6440
5068
4958
4964
4940
4978
6922
7232
6513
6267
9611
4974
5147
5120
5013
5570
6614
6501
6549
6323
7727
4893
5235
5308
4993
5430
6997
7065
7906
6316
5238
4922
5584
5281
4980
7000
7203
6954
7371
4997
5144
5128
4835
5146
6999
6357
6420
6413
4936
4806
4882
5009
5418
6783
6375
7597
6271
6441
4907
4928
4907
4966
5020
6384
6262
6263
6431
6279
5127
5163
4892
5052
4941
6526
6419
6107
6303
6323
4821
5089
5005
4757
5271
6297
6447
6326
6466
6212
5334
4677
4953
4590
4828
6707
6261
6784
7470
6559
5334
4872
5910
25059
7178
6639
6553
6523
7306


