590764
108979
123836
103964
151283
92061
74435
77960
65675
79971
108856
64455
57899
79810
60182
63310
63871
65163
49269
74456
53564
44362
79676
54345
51228
54214
49051
44873
38006
39878
44763
34214
37356
41524
46482
40343
29852
39163
34128
29331
30348
37820
27375
31871
30012
37622
31084
30301
33643
31894
23587
24937
29667
22925
42266
11603
8325
7187
7084
6520
8241
6840
8278
8718
8231
6638
6865
9877
11449
8123
6608
13704
7059
8952
32328
24720
9091
9180
13723
10529
9240
12056
21174
10675
11472
31752
15796
14303
9483
20094
12848
10798
10906
8430
8512
6474
8374
8267
6792
7097
7824
10017
6181
5995
15888
6727
7258
11348
8742
7143
6902
7798
7122
6380
6494
8801
7000
6389
8192
6507
6112
7600
6564
6572
7251
8092
6490
6881
7746
7357
5929
6422
7439
8193
6326
6946
7946
6299
6265
10282
7860
6456
5554
8038
8029
6289
5904
7362
6602
6406
7216
9087
5983
6175
6096
8077
5946
6366
6130
7661
6812
6383
7134
6522
6353
5747
7592
6015
6443
5648
7107
6550
6198
7751
7901
5916
6366
38948
4735
3575
3339
4956
3456
3644
3183
4914
3312
3266
5648
2972
3238
3265
4886
3995
3203
5170
4614
3179
3326
5190


53388
33917
14936
16400
14587
18597
18358
5069
7280
5469
3376
3367
6914
3757
3570
5454
5068
5315
5558
3579
3492
3297
5197
3558
16713
4943
3547
3295
3065
4984
3574
3767
4940
5109
3407
3194
5510
7977
3314
3356
5015
2989
3332
3134
5215
3195
4682
3387
5120
3405
3013
3137
5366
3505
3186
2827
4851
3556
2689
3649
4880
3341
4014
4728
4273
2922
3646
5181
2960
3492
3111
6325
3420
3452
5223
5099
3270
3285
5156
3424
2736
4855
4982
3229
3024
3250
5239
3419
3117
4871
4826
3460
3198
4643
3437
4458
2985
4771
3105
3094
3400
5451
3268
3132
3106
4665
3036
3494
4830
5273
3548
5061
4786
3645
3143
4895
3270
3490
3239
5820
3177
2942
5402
8961
3888
3718
7239
5374
4450
4756
8394
4212
4207
7540
6813
4573
5052
7758
8512
6374
5145
8847
5751
6755
5442
8308
5502
5597
8516
7975
6552
5053
7163
4723
5951
5511
8129
5447
5763
9093
8614
5780
5421
8080
7933
9422
5658
8390
5773
8274
7662
8663
4699
4606
8220
5643
3515
3057
5034
3252
3172
3376
5775
3284
3694
4754
5805
4228
5287
10146
3880
2754
3143
5772
3098
3349
3361
5155
3668
3480


