110719
12944
8578
7649
8388
9013
7994
9300
8792
8247
8616
5692
6310
8471
8409
5576
7935
7439
7847
7398
9339
5385
7833
8229
6012
8945
7748
7061
6647
6084
6943
9015
8352
8404
7767
8307
7178
7378
8211
6615
7344
8016
8352
7210
6821
8146
6417
7400
7802
8363
7557
6179
8077
5529
5457
7954
8446
5833
7328
6433
7471
6156
9855
7448
8010
6416
6928
7395
7318
5541
6091
6460
7080
8095
6011
7179
8358
8010
7225
12792
10618
9786
9070
7474
9927
8627
7882
7398
7304
8375
7730
7144
6569
7493
8228
7242
7373
8997
7297
6791
7500
12153
9058
10771
8489
10989
8030
9048
7169
7429
5707
8590
7982
8220
6767
7012
7341
8339
11393
7974
26941
2647
2224
2632
2447
2589
2202
2901
2726
2419
2977
2195
1838
2654
4001
4126
4208
4357
3640
4308
4187
4350
5527
3828
4337
3695
3650
2082
5724
2240
2409
2275
2540
2623
2650
2078
2741
4383
1847
2014
3155
2212
2715
2265
4180
1821
2325
2386
1944
2444
1916
2321
1839
2020
2052
1524
2046
2535
1591
2318
2509
1937
2422
2888
2098
2506
2035
2175
2265
2252
2217
1977
2230
2623
2405
2101
1892
2254
2187
2261


17990
11189
9633
10512
9777
7996
9556
9204
6443
9182
8772
8684
8255
6527
8820
7714
7212
7988
7122
7869
7918
8054
8591
8723
7449
8558
7307
8971
6351
7678
7523
8603
9793
8788
7160
13684
13661
14607
12621
12805
12364
11560
12667
13606
6078
7652
18568
13459
16456
12966
14433
13375
13687
13909
11558
15411
12590
13228
12363
6713
7242
17255
1878
2151
3701
1844
1817
1912
1962
2090
1748
1917
1603
1601
1809
1802
1541
1673
2107
2164
2554
2323
2214
2804
2064
2038
1989
1756
2564
2013
2003
1627
2065
1934
2030
2033
2173
2105
2018
2114
2406
1599
2853
2182
1729
1783
2405
2598
2300
1984
1893
2022
1987
1873
2070
1974
2075
2126
1661
1943
1964
2269
1514
1798
1669
1925
3631
2172
1782
1968
2950
2863
2192
2918
2449
2355
2557
2494
2943
2166
1862
2476
1488
2188
2280
1757
2057
1778
2072
1763
2697
1513
2300
1969
2285
2270
2049
1925
1934
2058
2443
1984
2081
2259
1938
2353
2053
2790
2127
2276
2336
2373
2153
2160
2196
1782
2287
1709
1774
11500
2252
2201
2408
2634
2466
2260
2132
2204
2492
2099
2387
1855
2413
1881
1686
2568
2006
2236
1725
2581


