2280748
1419640
1048111
755105
695599
585730
353755
1537786
393920
949096
2641182
543108
528687
594878
561604
529826
558613
941236
458158
1359943
540847
884496
1974326
650742
573456
564094
579437
680587
282283
1817211
471562
1135556
560535
581040
328978
1443872
531442
584608
513726
326257
1681159
306870
1555262
562484
608803
527906
484961
1026744
520635
515681
491523
585788
508805
481273
528721
500566
486446
837216
527825
519541
639490
1116540
498290
553943
517878
488773
204807
1737438
526617
621852
515464
479178
545362
293293
1604061
522646
302782
1511265
582767
435461
1238162
502470
560545
503570
384591
1359969
1309843
266814
1487224
483672
548549
438070
1502460
358567
492276
3007362
559944
259585
1646771
416729
1007860
557668
526651
546476
211774
1609035
2041777
545284
573677
510518
500151
1805342
584018
481343
570175
945865
425208
970256
597034
491920
499199
544240
283643
1609677
544515
499764
539563
604976
508026
505137
607499
492259
466100
575885
1158521
463093
612363
489356
514571
284305
1528322
515275
582831
512043
501848
733493
538190
496219
556688
595041
517954
491419
574777
535154
506745
602698
1033782
2717653
578387
521704
196539
2052860
353284
1547537
562901
560171
356309
1450670
627103
546390
514260
512440
480840
481937
380644
1006273
2083829
438403
968207
546755
264175
1736448
479688
608037
522997
504685
823455
495075
535741
574352
510483
429194
1211563
527631
344511
1339788
193884
1829694
416342
1141183


2158584
3385499
1114267
902576
683395
1011548
554034
596503
547028
338640
1202725
4277064
553093
226275
2039742
542281
564699
476830
918267
673955
758465
524945
380417
2587251
605859
598655
577549
626135
470039
1386572
451776
1302134
593382
543495
481867
208227
1438274
1828533
511667
589834
510233
528714
491842
538886
513648
479937
787442
612969
2839024
494374
507292
566278
544701
488150
492551
557889
401212
1458677
479177
512532
484655
545305
279289
1527636
492473
511395
542889
564542
481196
488183
571533
485575
497605
348234
1334326
472826
557904
1347596
281509
1190475
1221913
1336759
4699717
543943
550356
536644
409939
476298
2343984
1365560
594484
518562
382345
1297533
499593
567370
493849
518722
501153
557285
519662
604593
897651
2148012
589388
525242
578908
473815
1134770
617102
345047
1059309
1925088
513319
1091335
592042
496378
662392
532603
602897
461007
1168725
514293
579060
560312
596684
513935
502462
888671
553924
1087076
723723
544339
567885
549700
525481
526144
534478
524652
511053
581766
611530
500234
519789
531778
366168
1358321
455978
1114224
521016
300729
2589482
485320
568057
650683
550449
565186
376691
424545
2982164
711326
675918
526717
422201
778429
1378258
2516160
568030
384160
1174446
515436
348629
1219605
1280476
605241
509389
468591
545091
544473
472198
946576
716751
471836
607104
1387134
3391698
531411
535197
506657
505665
1084631
530044
797382
558224
555912
513864
599043
478901
503913
800248


