733459
391553
1728269
649336
652403
661215
677256
683340
633773
639178
412454
1494380
559361
752278
223680
861948
2035534
7132497
189142
1806163
1633763
583535
595292
614864
603615
617712
560510
558463
630313
398885
798107
2474089
471582
1067456
638770
640951
642073
641737
657750
705046
603814
290209
1663799
557555
541347
562954
587922
436104
1268123
567727
592072
466742
1149456
695611
608213
568541
528753
613966
475315
2769396
324016
455489
3057320
567078
581706
587179
572483
588442
558507
489441
1006633
537091
1048793
329158
1461678
562628
231393
1920505
559981
883854
628451
622273
580138
548835
570504
569792
607778
556960
559638
323975
1135532
2478785
655807
565523
403449
2118367
602825
637864
549986
605504
539881
571487
632367
581866
578289
359680
1406261
553840
269783
1039908
2480710
493727
976848
1017614
405052
1134487
582799
632554
556314
574048
561761
566482
601993
565867
579353
578702
581682
719205
273819
1122356
2327514
612189
612198
580424
567992
562122
620340
628431
575899
588701
570918
621496
636497
558280
571302
414656
1264735
593194
576283
589725
599209
607887
560720
573450
431133
1129152
585854
418624
385804
2640234
672685
567930
562926
557835
662737
703051
319818
1638384
649130
584057
555204
1067440
615099
643274
571520
565598
555066
594722
524790
1048043
550309
578969
619541
639208
596212
547212
813978
634134
549247
569303
562322
589626
639940
583732
553220
190749
564529
3410852
554741
571243


2677452
1578723
357214
2134590
300655
1764852
686729
340333
1584498
639509
624312
513924
278866
1024482
3352691
623455
631100
535285
954652
607637
617910
618753
843449
602004
638784
673462
980806
495106
1265582
551636
917825
590779
482131
1285630
586455
569755
610573
529123
713402
545460
650867
528800
1039676
251728
1679812
564148
564713
600252
630585
577810
174791
1859510
378495
1290471
617655
1170383
590806
617697
645112
620625
603907
608265
620623
577213
583125
576301
177484
1835688
566124
594085
622816
548778
620638
185551
1805581
539504
331430
4191496
561758
541708
788090
634790
570451
547514
600064
618581
617324
558621
566765
324606
717049
1382040
3596475
571036
593101
493118
1294523
346839
1714800
580320
571064
611168
507243
1025758
587264
613591
640961
563347
571489
493673
876399
573042
560214
573839
600821
529606
1011906
592503
605766
653733
566892
573017
578502
568286
276802
850216
2829542
239223
1690269
571018
575796
630972
398635
1297483
580974
849228
565293
396589
1305003
570791
585395
558475
628758
547826
572487
538807
625692
648136
590586
626072
894984
1469064
570510
589540
593255
562766
566791
569663
586803
404614
1190721
1441228
574068
550817
563562
597625
615360
577832
582860
555480
407703
847353
1784469
418677
1194890
593232
570603
847597
588717
568831
615152
581642
571006
565662
574666
262821
1103809
2181394
425629
1154902
568657
475915
1090334
628159
571849
565376
560023
556255
602750
569254


