41405
37727
31611
27503
28886
33992
27915
27448
35125
27438
27722
28154
28385
28766
32327
25644
30849
26462
29316
28701
33033
66869
75887
33514
28922
30285
31111
27911
26628
32819
43261
26779
31762
26618
31864
38542
25005
28280
31880
30712
30471
32114
32542
31267
45518
29201
25386
28628
27125
22312
31034
32437
26864
26952
26482
78222
34664
29920
34770
38370
32934
29641
29538
43053
25683
27943
28240
29322
27111
30108
26580
32226
26696
30393
31006
29934
30254
34832
28021
28019
30600
34733
26799
28594
26980
31209
37769
26329
27694
40756
39795
38302
39063
31039
27535
44301
22389
28399
27265
29004
28014
21949
26596
22399
28503
36299
32613
36905
40149
28490
25124
45697
23871
24648
25832
28752
39308
32835
22688
35937
31447
32647
35699
27933
28947
36112
41560
29843
56681
35058
32833
33670
26344
38027
29395
27980
22960
24772
28951
23485
30544
27886
39891
23648
56553
26567
31895
44830
25704
29850
21669
31766
28924
29845
27503
31526
31901
26999
22752
24586
40215
28560
30583
30233
48151
30165
30486
32906
23946
22698
27587
24811
57904
40787
30491
23410
29841
71332
38123
27442
37877
27903
30680
26561
26771
75999
52032
27737
24284
33275
23587
25757
24026
33153
29637
147951
29965
34044
59522
81415


145637
67422
73355
47553
74908
29936
0
40681
25952
29338
41816
29570
24269
31656
40148
30649
36117
30590
29403
94906
39427
45905
36407
43665
56941
41701
34901
26410
39455
37304
37964
30181
23492
24874
46140
26073
48201
36007
26690
30908
30286
31513
31307
30811
37761
31437
34083
51862
30303
43271
194703
32197
39393
50644
65340
31506
32745
31513
39893
42062
33326
32641
60649
29600
31759
39841
29639
40305
36953
30024
48896
33095
30785
35588
42699
29296
45962
31016
36786
32142
274761
46592
39986
33940
54460
39714
35672
31933
28330
27192
30401
26961
27947
25557
30361
37727
29699
34866
43086
32300
27577
36498
35327
32683
28066
35328
34378
32042
26802
39295
28386
28088
36351
40174
35469
31364
29139
42614
30225
33885
27933
49278
41902
52814
30389
30073
29541
25579
61161
52665
32191
48835
30539
25769
29585
26143
38272
30076
27006
26835
34537
32885
53272
34817
31215
33293
27819
28374
27624
26900
26527
27599
25296
32545
30501
27678
28662
30807
27852
36597
36873
27473
28154
28151
33456
28912
23746
28508
24375
26496
25354
33716
41516
23526
21329
24066
32811
27218
24296
27422
34650
54698
25247
28507
103841
25939
149413
57918
25282
24839
25975
26395
25905
27483
30754
26292
25186
25666
29740
35265


