120076
107916
371180
169507
95162
95317
100103
92966
103386
113991
102255
96934
97811
224258
102528
96935
171767
97364
107198
115329
96955
281770
96798
98707
100152
98965
99070
106970
95954
96060
95848
115102
95934
94095
114771
175070
116734
165162
98141
118729
103601
104041
96820
96552
321021
100389
193134
98803
164876
97598
95773
159630
198880
104686
99371
105806
102440
93498
96267
177558
102280
112038
133011
217875
145642
137261
107368
274065
99219
97438
108571
103295
95557
159257
123908
171144
190597
118158
101018
103635
100574
98995
99141
97731
269962
95375
99041
92480
179723
124206
92394
106637
179044
115442
118715
95997
99691
99334
103238
779064
100228
99279
99294
199539
98177
102846
94239
94527
253616
93921
91047
96894
96576
95104
104589
118753
105823
113344
189251
116173
100289
181831
94143
115700
96532
92429
97196
92591
174574
96389
117239
281130
111017
181759
99863
101321
407101
101716
119167
102344
98648
95249
92011
126615
100998
93941
105791
92789
94033
102823
194583
175049
183370
102404
99881
180375
123499
544553
101127
99520
127577
131286
107111
94995
175552
285399
144417
94230
192808
96336
104771
102873
116559
100643
102872
93807
173609
99142
92960
117758
103667
234865
180672
120582
97422
94310
97155
114303
101285
185273
223649
104651
118751
175790
168327
109567
131618
116914
96659
176839


119435
117205
124933
155062
108047
106556
109492
118618
181953
127321
94620
987746
98159
97487
106130
295398
109128
93480
111558
273224
97882
97626
118087
104861
101109
204072
100390
114801
119340
104904
95987
266681
133285
95068
238605
133067
176441
97221
200244
97805
96742
358656
243797
110211
151421
100857
119546
97413
283550
108479
115700
95908
93097
99039
91935
92247
124909
121069
98380
115298
103449
102374
105113
135754
119415
99161
111501
114004
167068
90228
90076
111610
93454
103226
119913
111018
102925
256052
100517
101665
120812
105550
108749
106228
186769
97328
203750
101975
176661
112232
94751
90855
92872
99481
121206
103199
101637
107731
171871
118994
182927
108497
100344
99988
121397
113289
155346
173841
246605
566709
109815
89698
100906
106174
104413
103328
537056
120860
120938
196322
104036
119493
96826
97042
163882
88950
122660
239292
92543
90956
157996
98687
108493
97801
96653
100318
98836
133175
134399
112573
101561
240376
100286
133127
93828
96106
95665
94259
92596
183790
121740
102792
103439
102487
103218
104138
103901
117645
149060
176302
178521
96238
89438
90101
90863
115752
98369
165485
104675
106832
130443
172582
102355
124667
203875
103583
103506
102686
119874
100273
98460
112196
95275
183718
91945
89816
104942
95288
199471
176689
102641
130550
103773
100865
103056
204691
97368
94970
92179
89720


126539
119459
98887
96709
103605
102902
120868
97028
271477
97276
95522
95543
92017
101728
115647
107411
95860
103705
114919
99490
96749
470213
96837
95758
98779
99964
119861
120472
254055
96256
105145
96640
97730
178587
93770
92292
264439
100520
98091
108288
183705
97280
99646
108205
120438
253910
99988
117445
96561
97437
166333
93694
94587
94651
94960
121114
108366
101264
0
252035
224675
116867
100128
214194
99804
97463
116247
93854
104516
110500
167723
327524
92489
113106
97633
112332
100797
99410
182401
150089
117463
113908
148723
116769
97119
104722
92909
94757
229059
91792
88687
91539
103643
218134
312360
104317
246618
105694
102739
102738
188661
100385
186123
128994
98702
165461
176451
390190
100397
99924
99640
128608
118294
255593
100481
130734
163076
102898
102008
235805
98271
122068
119145
103984
181126
94056
93116
91242
93204
98259
104004
102273
101461
99609
125947
101902
103227
123424
98446
176088
94095
96019
93748
135887
89232
91974
88369
111834
102696
184540
101307
102401
164532
102394
104034
101177
108451
112124
138832
94686
117531
98152
109858
92675
93801
93737
102243
185495
105526
102028
120202
101017
104261
104098
168444
278666
101986
96331
197334
97083
177563
92184
104830
108609
155090
89046
107328
98031
99737
117934
120456
224851
203839
102172
107888
182497
98247
183987
95216
120528


