26449
29652
22763
19612
19044
19010
36738
18929
23251
26782
20268
23069
42377
95801
114693
81639
130936
96413
113771
227340
89801
106684
44943
103941
42810
25113
32022
30768
26460
25956
98317
22193
51266
34717
31238
30641
29066
40845
25676
26878
27192
28188
38494
26464
27259
193364
24765
38730
30391
25189
23130
29861
21243
25497
29025
19457
30958
26572
25514
25480
25013
26066
19972
28173
19017
22921
18559
22212
18562
16647
17256
17530
25909
26553
18070
27904
21800
24418
28382
25272
39811
24362
26931
19933
24301
19251
24743
25662
20669
24863
18131
30790
21357
18974
20364
19787
23265
21940
39160
32051
21035
19240
25665
18811
19698
19391
17421
17107
30359
19740
19134
20253
19219
18573
20287
45184
71930
19775
16953
19503
24653
21281
21301
20841
19628
19914
20471
20928
26730
20693
21285
29571
29650
23468
26496
27514
18718
18603
18989
19215
18296
19996
18097
21861
27955
20459
24450
23147
26361
26997
28218
24583
25824
37947
30700
23610
23721
19102
29907
17948
19547
23181
16950
17765
18795
29789
24704
22730
25624
23380
23076
21097
28483
20110
19333
18055
18753
17476
16928
23704
25412
24612
25260
21077
22803
22864
18326
24024
35841
24072
20709
18071
21502
24986
18237
19003
17964
18086
19271
17127


25049
21562
18820
18691
18446
22807
23294
18475
18777
18312
17302
17279
29775
26567
26575
24759
17812
22148
28249
28274
18852
21941
24089
23002
19730
20124
18978
27428
20583
18418
20279
18945
25354
20467
20834
18014
19055
18193
18318
24365
19023
30385
25432
84845
28568
26040
19867
19682
19793
19570
17809
18225
17485
17323
19883
18283
17751
18480
24799
22724
20701
19217
41428
19086
24180
31326
30693
17988
21711
19342
17989
25484
20267
19636
18540
18815
18500
27907
24132
20347
20984
39382
20395
20046
30030
21662
24277
22147
23510
29808
37106
20988
18547
18462
17603
20718
20846
28861
34097
21083
39850
30536
19717
20900
18553
54285
35679
19510
29158
31662
24601
31083
18494
25580
22020
19775
26620
34131
31813
25823
29448
55749
24791
31654
22313
39764
21420
21959
25301
21790
39624
20349
47991
22316
28727
28381
30824
20815
18885
22457
19631
47459
17908
23470
37743
19921
35038
21256
26175
32179
33468
20697
29820
35481
29089
34087
31010
24484
20890
23674
25597
41450
30593
23501
29499
31379
36920
19491
45976
29613
35767
43830
27492
26847
21733
30457
18986
19938
18400
21500
22214
18770
22117
27351
27531
35463
29102
33319
64772
26269
22332
24896
23476
28573
23881
20718
20433
23640
40891
32232


