213865
106314
97088
106129
131719
101420
103650
116050
128651
127502
102210
110344
100207
99804
103019
181739
123881
104519
112278
173574
121424
125368
104325
103629
273894
101199
195690
180455
181799
233713
186758
104801
115568
132807
125065
251039
109237
104771
224946
122421
98637
279759
253880
97741
96589
125521
292119
101085
105128
262370
106854
116140
126328
213555
244250
148048
118162
524398
173455
105413
104514
386769
130660
112223
126429
339623
126677
114039
129531
122029
147113
116470
120316
125649
232283
120288
316831
122153
102556
112197
102772
133262
423854
297644
208865
106340
298924
151063
190056
102746
126199
140909
105896
111504
103764
505205
281317
117162
109295
110514
114683
199991
116139
122547
99449
143174
191171
669949
181673
100719
93241
244866
96859
399552
121321
123213
105054
128176
112445
177839
207346
107174
108778
107103
225640
101578
101659
142118
103162
137161
102776
114692
119835
105739
131802
162020
105550
336652
103328
101391
122346
143747
181285
99790
105353
106102
181589
101341
120164
182524
188098
152551
289802
102107
264618
178233
165880
101558
121633
402891
101162
102075
115044
100655
107462
101258
117248
682543
188801
106056
116599
106394
117885
96249
99506
105230
102687
98469
100885
333321
142125
99916
103624
100292
97637
104538
255839
108443
131845
104619
109374
127215
109070
96461
331133
109076
219371
189419
122658
121451


