7583713
4213581
2638760
2041257
1809063
1842665
1621334
1574342
1892851
1808500
1742249
1727727
1697400
1695979
1799044
1716080
1703652
1727496
1751666
1694947
1682373
2036715
1839989
1810696
1758889
1786330
1757526
1867670
1843233
1706310
1697330
1709250
1700016
1678696
1997312
1741589
1723230
1737075
1666735
1612100
1592695
1592975
1556651
1600143
2177117
1543850
1521023
1734436
1697309
1655370
1626996
1617541
1661590
1833257
1573466
1553270
1547653
1547311
1536841
1534763
1521819
1687014
1662948
1642083
1699949
1659531
1597002
1733794
1635759
1719711
1591189
1590345
1572485
1565318
1753023
1733074
1633760
1800919
1604865
1612843
1579348
1558506
1538631
1534990
1574909
1529886
1573922
1691741
1677363
1643476
1641361
1626005
1595697
1594332
1587109
1582484
1550724
1535254
1525989
1622580
1677201
1673712
1652917
1673339
1617246
1591396
1564276
1573964
1552583
1554225
1553737
1607362
1533472
1721294
1716870
1643825
1616432
1612107
1597396
1582965
1671196
1548231
1601640
1628639
1570992
1569004
1672922
1648701
1737600
1631075
1594715
1593019
1585061
1563408
1550197
1544503
1538573
1532954
1531277
1693631
1666539
1633788
1619218
1601423
1581992
1574160
1572015
1606003
1551738
1544522
1535423
1523472
1670189
1669247
1646926
1783870
1713452
1686795
1798174
1657061
1644888
1641532
1633550
1525390
1519059
1673160
1648904
1638577
1630820
1602191
1847299
1571448
1560338
1544398
1545456
1541712
1533159
1526642
1666694
1767878
1642116
1636715
1619310
1598283
1575748
1560177
1547125
1544275
1548330
1541453
1534589
1669051
1661131
1635760
1660163
1691052
1607132
1620185
1555080
1703566


7353367
3866164
2597880
2053702
1816067
1915830
1817587
1788035
1775446
1680064
1759323
1765637
1625766
1710145
1815520
1751014
1739486
1663712
1867095
1817816
1801321
1796709
2231389
1749164
1731545
1724481
1591112
1594863
1605631
1568141
1563499
1730316
1657671
1711394
1677903
1671168
1656582
1621823
1599595
1551829
1535877
1533637
1535846
1672199
1834530
1851889
1687605
1657059
1613002
1591340
1573902
1562712
1560220
1575359
1538738
1521672
1575199
1667258
1673290
1649383
1633039
1614967
1634423
1577666
1626461
1556001
1551224
1614404
1579685
1520853
1970273
1680806
1697059
1662539
1621236
1598026
1582229
1574818
2950104
1709341
1699059
1668643
1639844
1676312
1720223
1710128
1681882
1725484
1707350
1671867
1736446
1601536
1591999
1590610
1600065
1570236
1707885
1746159
1654490
1631531
1632843
1606980
1842512
1577085
1554270
1546079
1540567
1538625
1535233
1510471
1802052
1698362
1682311
1631475
1612257
1592331
1578214
1558781
1551570
1545527
1821424
1528508
1622064
1670243
1700358
1637020
1629005
1606125
1700622
1577482
1567870
1655409
1534533
1774920
1588192
1582915
1806826
1669263
1687439
1665243
1644796
1592346
1571105
1553510
1579018
1591155
1537267
1524224
1517620
1682833
1689557
1645825
1624087
1634604
1606065
1584379
1563752
1555610
1555423
1538577
1540314
1532987
1684654
1977734
1746922
1685890
1682115
1645689
1659061
1633724
1608594
1548135
1561670
1531882
1525978
1842756
1825948
1756659
1737026
1705176
1774392
1635510
1619111
1560752
1542862
1536270
1594409
1579330
1862252
1677545
1660666
1638869
1676806
1601285
1579907
1579348
1557798
1536381
1535466
1527285


