8825085
5655508
3794876
2849076
2860916
2837369
2795344
2996748
2716896
2667127
2603719
2422818
2538524
3517468
2449584
2374242
2513829
2362378
2635262
2689035
2578742
2860927
2937328
2833788
2658494
2630870
2563826
2580257
2574277
2346112
2425372
2264894
2369972
2158240
2339206
2217724
2356377
2303892
2708250
2719584
2704468
2803353
2478780
2601224
2379871
2381729
2303839
2237580
2335598
2436319
2373464
2210991
2239944
2360901
1977154
2387524
2491627
2463071
2515453
2535105
2665995
2437922
2373830
2530213
2422505
2447027
2303180
2450536
2298719
2651605
2510826
2317825
2637535
2665195
2621995
2701686
2536183
2798773
2430318
2396203
2277817
2244718
2290571
2186267
2295960
2195215
2365415
2379289
2312815
2615265
2815054
2626987
2672120
2487843
2601016
2387393
2396297
2310485
2154746
2182546
2113349
2109793
2212222
2365784
2385905
2365707
2615745
2755706
2702569
2807724
2542931
2616404
2391775
2440051
2303636
2227289
2323799
2172871
2355011
2183422
2636075
2619374
2588988
2830807
2937225
2901457
2967660
2922732
2555520
2728648
2562528
2467843
2239567
2384083
2288350
2319496
2180937
2169785
2370430
2346711
2610549
2822688
2518033
2432289
2454736
2364667
2313839
2391723
2367803
2397099
2287057
2256634
2813042
2455692
2394598
2817459
2614281
2840952
2792789
2748154
2635956
2656869
2695470
2475003
2393513
2492657
2255665
2221168
2335751
2437374
2244036
2167305
2393734
2363445
2634684
2793987
2713834
2596931
2567714
2512208
2481299
2410864
2363376
2270868
2392642
2232500
2076943
2090782
2027683
2046115
2166036
2694587
2811932
3891958
2860251
2840750
2716662
2594711
2568785
2385341


9656111
5328439
3463312
2567902
2415326
2283790
2456737
2434218
2384270
2642161
3077713
2864590
2934902
2793396
2826815
2588920
2755120
2493254
2540363
2483276
2330649
2484894
2301978
2220462
2377549
2297885
2544036
2733190
2704345
2564402
2364855
2336120
2345585
2216776
2120216
2176530
2291159
2143571
2185227
2320657
2306756
2289169
2258547
2572394
2717080
2651786
2552093
2457589
2473918
2395944
2393162
2263058
2168302
2186914
2161777
2204188
2086631
2118013
2227039
2207412
2457655
2608179
2530253
2510910
2445019
2456519
2336638
2285606
2233613
2320165
2274573
2144121
2198613
2139327
1972580
2031104
1980539
2332429
2449822
2537678
2636891
2421065
2504164
2395735
2370523
2259744
2237338
2264116
2098938
2255932
2095084
2261285
2259651
2180660
2484035
2561057
2503307
2589696
2461912
2508788
2401040
2288779
2213879
2162455
2223439
2124400
2274466
2272979
2335238
4092215
2524647
2731854
2857670
2788237
2786713
2671322
2793170
2383210
2223676
2148315
2786221
2199609
2113973
2319557
2166834
2305802
2218833
2189176
2982931
2923818
3100623
2894058
2837217
2728048
2624212
2416737
2266785
2499479
2238319
2182240
2325481
2172127
2451516
2366132
2604488
2642406
2897226
2822177
2833388
2723376
2685374
2509069
2463412
2302484
2366138
2261409
2325089
2153500
2292695
2242907
2373941
2326609
2723732
2446361
2446439
2390615
2548357
2319679
2463033
2396025
2400071
2464034
2263019
2408783
2256080
2668903
2446792
2621069
2559101
3009610
2901796
2845169
2717563
2551808
2480540
2432888
2556373
2264639
2377278
2195384
2262088
2162111
2205104
2198338
2387607
2345178
2726765
2645630
2778210
2580999


