3180712
1709344
1253698
995193
882965
733798
811489
755712
734657
803698
828504
876290
936595
768243
849342
751028
834059
756257
930193
943207
951086
942402
925991
896494
860604
863972
806524
866837
877430
920746
808196
796161
849112
748661
864570
727456
718214
971641
826658
824558
746953
850052
796532
788739
788302
834019
780941
812104
760172
722021
867488
807170
776901
773399
813626
880821
815909
828302
736602
710943
780291
741884
780083
732637
782758
702815
799046
736832
788022
642740
765131
773861
749364
740818
744045
766963
804079
751683
677008
693817
756645
718400
707646
755259
803385
739357
727196
766691
744154
727566
723484
713944
674834
748405
844884
728021
934992
679682
725221
726583
813145
787357
863847
894792
792621
828177
785182
847422
741840
756220
743988
761891
772685
679637
744181
728156
730629
685711
735997
747779
1258081
778478
828360
909434
748695
737107
947789
704893
801165
703452
763124
761797
798030
680800
744500
856833
678622
821460
746000
820232
694598
852616
759963
786476
842861
776204
809783
683873
758776
709163
778112
703817
667968
746189
753088
737843
734952
756384
818043
789440
827626
735884
714725
714685
745958
687597
769798
820519
720513
809265
764526
749393
709790
712053
721965
756904
731621
698775
903220
702122
730669
696876
757649
879609
698660
806998
824055
837486
767254
821375
725099
701353
750952
897212
812005
831407
900030
800994
834129
788713


3692122
1527756
1031910
813913
872859
885150
843582
790281
733662
789691
744725
802267
853007
812403
821281
732249
792088
772855
760938
1206935
841469
895429
776670
784646
765975
915579
745264
926023
805267
833931
835854
729374
851108
763883
794646
784593
792127
825431
781371
796831
750354
773123
743407
751352
774457
727745
672635
681199
720844
698865
835468
800150
651806
796683
779498
733414
832943
760483
765120
733403
831564
688429
770007
695593
846447
815911
877563
761239
857315
817650
763392
785856
818628
848043
705913
716146
724031
745955
817516
711786
761997
784682
826912
757810
803157
725462
781889
739613
728489
764077
714736
812975
721449
867462
780924
718917
670951
711324
780859
756577
774762
749763
772722
704202
740182
855094
764237
856053
759294
824177
758575
779725
794345
735704
882756
698852
740471
719226
785687
719750
709940
783616
721869
753362
904721
841504
771750
803434
746042
680480
755343
734593
783114
751763
750390
704376
746485
801646
718987
769875
736013
807960
743161
706989
817192
1268708
787749
741776
798192
728219
795858
728954
726513
811492
682070
962092
784554
857890
838751
802454
744322
729062
775593
698437
756032
724477
747267
791753
755305
842321
758195
792825
735448
867279
720653
793210
657167
669509
794759
702115
812030
887028
748454
812334
738091
691582
722135
861902
751908
830555
803305
774720
732637
733055
744578
790396
869415
675585
799878
766909


