976888
930037
946950
832374
728104
772399
716114
786401
746595
713963
766137
649418
698402
734595
675611
688392
701296
757314
701090
729632
721159
729538
958101
826952
708906
736372
737400
683925
723111
646520
722365
664869
641718
745736
638223
655982
687097
654472
658737
700748
682221
660092
685612
727541
680991
677126
656039
680474
665320
691790
699877
656743
734931
678315
675019
668354
729739
674045
647983
717538
657913
648720
706912
672469
647407
689017
662628
642795
692490
714195
659264
659314
694740
635792
654284
728045
664668
680495
693506
652843
651408
669503
734026
661213
634922
700051
658286
657874
683437
647451
653284
688900
647851
664744
662688
695901
650993
625290
713318
638776
646451
727635
668609
681028
738772
711133
678072
677222
730958
647255
694226
714254
651675
648076
684697
628042
678032
683153
693077
627711
661771
732964
659992
684284
1131985
665027
674702
682069
657999
679316
705762
728782
658265
683042
722853
659330
649435
724978
670067
629580
737104
639265
620884
653527
732232
662100
714037
721883
677257
657072
690793
631389
625710
672423
647993
645862
677896
678732
684003
666318
713808
624265
639917
736687
652816
663994
674789
658304
653718
674582
719789
667892
640849
698952
621929
666394
725470
656180
662832
670835
763823
650465
665806
728427
654691
656562
760736
664279
630888
677952
658119
642168
667553
695517
643118
653803
716013
681570
647430
700419


801534
805510
768855
709843
842534
722557
720115
743764
714679
684602
729058
661457
676895
702395
712330
638710
632449
735486
669334
650017
677134
696770
700372
694042
769835
690261
678140
677677
673497
751274
780176
714411
658577
754962
1313859
686462
723002
710461
672067
654949
742136
613426
643800
654994
660130
672841
703610
644998
646236
645159
698576
635765
655593
695888
630276
668481
683369
634528
653325
662464
680889
646923
650970
707829
637703
676997
716454
666562
648578
693289
743763
658603
687352
707377
719412
663180
690754
660080
691223
724723
647724
671974
693480
651091
720175
703410
729757
643577
670315
709356
672282
629608
759305
616815
652538
681006
673461
674461
661234
782216
671707
712232
722126
655843
680349
718976
629319
681827
707624
677440
680971
731223
668687
631217
719472
643669
678953
661198
750164
668230
618754
711831
648477
623413
729345
698681
678587
670710
651851
673491
706688
723261
643407
678688
734907
665443
644852
727759
697247
673475
684407
672098
667185
717915
635910
645230
686664
751959
646394
667957
680267
664815
648960
709705
637790
628005
677034
681588
659172
689913
706109
649769
660365
728679
654536
650663
755229
675446
631402
668225
664099
628390
716366
737933
640566
651769
699636
660554
616222
719286
649787
660785
674811
643073
689968
652131
692813
672456
621734
704449
655478
658234
660248
656265
630888
687336
676647
661753
649639
682347


