6102537
12046449
2976459
2541693
10816106
1693889
1875538
3203898
4979837
666139
3618650
3178716
6690001
11338355
13607966
4253691
10850471
10898192
20310927
1387343
1590907
5025032
2216783
6722181
6393979
1056372
3210482
1290473
1192199
4653727
3188234
6433596
6583334
8308607
13034014
9080897
13711450
13758795
15885219
1382211
1933824
1095920
3451747
2378975
2070822
4130988
2006632
1434443
1202117
2268457
3827869
10964975
3131771
15914270
1225463
1539213
2981521
7884604
3674721
11244613
3816308
2959511
2769278
8361629
9107395
18843580
4798961
3492807
3733097
17117790
15554600
5761636
12541685
7655942
22580478
17341738
11870189
19156544
48406444
1378828
1904214
1707398
1727264
7757019
2826175
4105222
2257265
2478275
2208401
1964049
3207700
4211515
12888428
14322885
7216680
13261360
8950654
6289490
6694042
58044353
1053836
2429636
4899694
1522906
9183425
1723193
3678503
7208604
6107707
8006856
2737934
2145021
4669949
6063400
1748176
3768099
16926496
1315590
1408366
1623951
5417490
570423
4206343
2033891
5258543
7800405
5625415
6357147
2715388
2096855
1669238
8830742
7162921
5710658
9143186
14852975
1091918
2237711
4841589
2626674
5181162
3196695
10048495
8867695
8803850
24372912
887611
3709211
1654571
1475227
3810195
4902325
4847514
16549665
523167
1390339
8522091
2284974
3004407
3137956
4654235
3133405
4899589
10824081
5140201
21460786
1162066
3192215
1310095
1885744
6947562
3258255
14762816
3130631
5086285
6012024
14474053
25816215
6754163
8599206
11288688
6583579
16621413
17974796
7304397
6198927
16696696
25131020
33860508
1442194
1332185
2331441
1524510
1959128
719525
4047108
4476580
1421055
1918017
1618361


29500450
3060965
4803221
3791111
1608928
1271296
5148985
1984502
615364
3113984
4031319
4573686
9530397
6156528
3519966
4734919
19853467
23130021
9682447
17242054
11041851
18367834
17185261
5187544
9290718
4249980
9692317
1528161
3598335
5784266
7515841
5364231
8621976
5950628
4841760
8620107
11434803
11149888
10443848
23305240
14091361
9699928
15082421
9681464
18144166
13240630
39489413
40634414
17719129
42840398
158783826
790250
4249358
1366027
2172086
1812627
6811396
6011911
1457374
2402522
4158559
3315611
5312208
12751636
4086520
16581738
726101
3950947
2404758
3029408
3322664
1532873
1544490
2602121
2190947
2226793
5269589
5464243
8909975
4615431
29070909
1197620
1150822
4597379
7932028
1569984
1482634
2380671
3149848
3321552
1680398
1355808
2281184
3561125
3474525
1273504
3828373
8755767
3315417
4697939
5904468
9746595
5118297
11512643
12792647
10072229
14657291
1311799
2576196
1651613
4240669
2193247
11494416
9744688
8363276
8482288
22881001
4929728
3069142
7531463
1526203
2430921
5419294
925282
3458881
4355078
1241939
2036566
4923172
1409177
1304611
1607188
6103858
5185713
2478106
6170573
1872368
2686360
5169028
6869823
9969817
4688188
6067642
16969077
11386363
5720073
48638907
1177736
2722454
1455355
1941748
2988281
2266607
2932166
8032208
4834406
5621251
2931440
6414306
6093979
20858181
12607285
7388909
8957318
9059301
6622372
16984260
13695421
10107383
16437425
14491111
12578645
138266655
1417320
1620407
1733350
3606791
1362877
834624
3913701
7140084
5753774
923727
3612990
1251826
5234966
3534544
6206455
5316359
2852314
4505253
9511620
4584942
36574716
760991
4138372
1182472
2839056
2650675
3834817


