1349489
920810
2078355
10820965
11594779
857030
2745307
2546599
10633395
1198427
3783098
2806635
1245675
4478487
2684855
18658644
1615866
2788674
902066
4859863
2803735
5729046
8400139
2687421
6970980
13722322
3411282
4748938
41059912
1630485
900530
3608877
2800734
4447419
3253096
5441546
8170244
2885432
19659153
763127
3725456
2407617
4623489
4848796
11261377
6813875
4347833
4275052
6319897
8950601
4817999
5341295
1561094
2118836
1773848
776749
1561687
3306838
12139958
1654711
1336777
3252535
1308865
2029566
2123419
10444273
1684774
2407811
934349
4154260
1763663
1244527
2230173
3440528
10609437
838217
3277028
5260052
1834786
1702726
1632985
2089623
798708
4198846
3905110
1537017
2024885
2436379
6665296
1684461
1302909
5397422
1417766
2878983
1557892
1854449
2538860
10734236
1784193
1411523
2238580
1710724
3794207
10735081
1615217
966383
4393258
2084098
2747234
11564721
556342
4986269
1734947
1589726
6153141
1619503
621206
4794116
3883427
1163589
1561364
4098714
9352743
1625586
2407207
1823135
2268021
765761
1338289
3973331
4330199
7148628
3257940
13365321
28812668
1003276
3678854
1301966
3019082
8576280
1614023
2486805
1318036
1383011
2855339
3023779
2998612
14235886
3937650
15556312
8696295
10088938
9866593
5538410
16548897
10309791
43317010
1523912
2257570
675523
1464741
5501221
4230503
14457169
1704829
1486206
2741864
1262964
3407037
1900598
1771621
1044072
2112211
4755931
1707014
6396962
10029727
12877621
897871
2869178
5347494
2219227
2951587
9443541
14288648
1633470
1538804
2558726
3619169
1501886
2543168
2807872
782849
4790692
4669332
9365485
1724594
1644691
689324
5042068


1950278
1909091
2455477
4887594
1082020
4055924
3751701
3621250
6056223
13034152
921260
4364399
2728501
6111870
1732955
1708603
2539791
4802196
1140116
2795695
6038770
407548
5643031
1658316
1799297
1470414
9110048
637512
2042013
4070684
6383672
14939420
1217404
1900184
5762075
1755582
1591335
1731279
1692725
1873840
818827
3857142
6875037
870013
4225609
566971
4730375
741522
3055045
6432154
1739569
1695023
1316590
3167952
754689
2604033
8439262
2616350
9615963
1733246
1409336
2869129
1280836
2453284
5271624
602772
3338968
1904007
11101295
998200
1903409
6236503
2836076
5036205
4227496
6291635
6513204
12044072
15179268
1534669
2544066
2264989
2905532
2784993
9619905
9069646
1740104
1531075
2709733
563063
3825287
5671494
662853
2153774
5735557
7879299
4074291
6496536
3471629
1016083
4991389
5029902
3108288
13452462
1821362
1271085
3054811
3411240
4833656
6608568
1482985
2447742
876651
6971455
2560496
1366891
3718498
1246911
3940623
2010104
2548135
1655980
2994586
4218771
6820369
1499137
2610606
3402650
1691076
1963830
1957649
809100
5140329
4444718
1739593
1503347
1791629
4904940
3607817
1555398
1814296
4562897
5223712
19181627
1203816
3525217
1559691
1317859
3164298
2888056
3422740
17232902
1590721
1140299
1606793
2454459
7711800
18441490
1610383
1738407
1699636
1342040
1762608
3109244
5930036
6406170
7560683
9972318
1446985
2763671
612579
5179628
1771098
1795177
1036665
3835720
2842726
3061519
7406502
611639
1581447
4335287
5293351
14192314
1826335
1699248
360761
5125734
1576872
2831342
1343902
3158089
1591530
1598123
3009842
1746885
1760179
1683334
1408815
2096997


