166796
46875
29236
59014
31522
18281
16885
34724
14561
24348
15985
28971
18474
25009
17241
22714
14246
55356
18860
16548
29027
24547
20502
9921
10393
30886
18177
37853
23844
24886
17458
25646
48663
19464
16729
15814
11289
43683
23578
13214
69415
19950
11131
20172
27785
19937
10907
10682
14406
14626
66847
10827
10971
10173
9671
12622
17781
10879
10613
19420
9068
8879
11452
8957
9233
19663
26239
20375
10037
11156
9168
25396
20806
20330
17521
19162
26987
24412
27674
9889
21974
26602
13927
162143
14663
21081
16954
18695
27375
29707
16740
12668
12309
85749
23742
29140
23256
16774
29289
25682
15073
13215
23184
11392
32157
23835
22615
25387
22968
17014
24704
71622
19965
12354
21943
10861
19307
13723
18056
46897
25114
10234
11884
24198
13022
23267
15259
16424
17252
17580
19460
20063
10358
8849
9313
20137
9046
19272
33676
14301
126436
10369
14283
9140
23043
23121
29367
66325
19693
42788
20772
29251
31672
51489
12952
17509
21598
43481
20782
13793
18983
39104
12765
11008
89031
27157
29448
22495
23998
25370
19683
10781
23781
18164
28190
12436
87971
52100
51204
27224
49622
16480
12638
11711
12532
10787
9565
69906
9371
19907
11705
25177
15057
22670
10651
14183
11353
17425
17438
17480


108583
36165
43401
61681
34584
16128
100002
15240
27175
20624
37175
9042
25502
22332
20936
12886
12001
10091
11842
14535
23330
13076
44044
18000
20786
21853
18677
101011
23486
69596
10659
9142
19677
23782
14084
9586
24753
10938
11161
9025
9238
11692
11238
22268
11434
13953
11716
21992
15353
21725
11004
33985
45752
11087
13810
21187
34906
66131
11624
17301
25521
45408
10113
18225
14941
31344
35483
13946
20046
19834
30422
16969
34687
48166
15795
17893
66098
182487
32384
94577
48803
124052
26810
32407
25598
20363
23498
30456
19750
20496
36637
43726
17567
32701
24647
23500
87430
45713
18746
13972
34812
21508
16440
26444
20252
29062
12824
18626
14439
11127
15357
29214
9991
27640
21134
12835
13649
12956
15055
114640
12176
14230
9648
14335
38165
10178
10648
15203
23718
10193
23279
9602
11219
12360
29548
42172
13919
11348
21915
17700
25995
25970
18551
12772
23763
9137
19372
25458
14043
63552
51438
18181
34114
12197
43237
49808
16469
12716
44024
24491
18174
12936
19254
34465
35291
16416
13957
35628
24865
25003
58092
29191
20190
34096
50602
17639
18943
23898
15845
16008
15023
18729
18954
15087
20447
26873
30102
64065
17603
17157
14341
19206
45164
35587
18641
24553
17909
36878
25586
20798


