748167
1536119
254185
256286
492799
1075714
143600
196023
64049
116844
132403
115205
63115
92685
312454
72173
74879
134236
82411
341054
73135
88169
73495
71249
152709
477265
104124
85352
249821
299101
71546
87284
382734
64170
116252
69271
64739
909401
316535
67348
64658
931952
118368
62042
279611
61461
306793
526465
94552
117060
145458
62866
68876
129844
67909
76681
225547
512322
103741
78082
100729
210885
76808
96985
89208
90870
80850
107199
97355
1132966
89490
144170
2415398
84309
1789555
104452
82871
63464
86479
191333
272243
68347
80393
0
74972
388321
77970
63956
68356
86509
188156
296752
80987
67512
165833
177708
269342
80704
183804
1713320
1444849
77447
72883
63819
62346
134106
319950
89360
521886
142902
616558
66500
200710
3997257
79588
74796
1529717
177620
81995
128461
349850
122491
138184
170574
236494
110524
460435
318722
2499828
125213
193146
185321
75913
234205
263003
77526
196829
70589
69311
567604
290642
132787
378311
164042
132457
89524
249498
68006
91149
78573
81626
490803
66090
137324
67569
73610
72051
167006
80847
74794
199048
115975
848371
142924
76424
98697
106254
384162
492367
0
109786
75792
229680
627607
77558
93308
144062
365057
905931
568014
226503
288519
687136
81465
226464
259599
149271
347252
234451
204567
611511
3376846
140135
437023
75333
249738
713869
70497
78777
75630


