103375
15496
11603
10564
14052
21213
16910
81662
12791
25266
15443
11875
9255
9848
124809
9797
9414
13964
14322
11040
35005
15099
20330
13646
22489
11962
25074
87943
12479
16258
9908
11348
11801
18230
8515
8692
17724
25309
31166
24544
19404
21696
263764
22437
15766
23364
71201
12207
11010
11167
59686
10956
18529
10301
10804
17343
10523
10494
13178
12340
14870
10647
11056
10234
10142
12248
19930
13880
30342
55014
11085
13441
43673
22586
12958
17177
23633
11950
13375
21878
17456
30722
22326
14881
40044
16116
22727
39227
17089
42138
15005
17280
15963
12844
11347
18115
14039
11554
52877
13038
31868
18510
15930
25438
13873
13077
10662
31061
19384
13206
12122
11580
16196
21832
10380
36040
19582
12309
10117
10797
9753
12125
9061
14803
11243
14487
19168
17088
16096
13187
19196
15251
11252
9966
23724
23643
14204
24896
17235
10370
15061
11483
11480
27553
12339
12347
13155
51855
29130
15114
14448
17606
21462
24972
15497
11998
16719
12526
28155
23552
16504
23585
32756
41334
12128
42297
13933
22589
12099
37627
10671
11859
12525
9069
8743
28385
22489
9630
8767
9367
21982
8961
8702
22079
12449
11805
9725
10993
30662
9046
15775
14938
12673
17541
14968
9647
12816
15091
12594
22548


28354
13067
11560
12210
12032
16443
11923
12081
14569
67231
36751
22124
14149
26394
10597
18453
31501
10455
9283
12251
10380
22221
27237
9445
44465
0
10388
12998
9535
12222
12586
22654
35315
13920
38605
9957
14809
26021
24034
11207
20713
9956
10307
18014
18565
48412
10983
49240
11074
21179
9738
9673
16933
14586
51792
13357
17349
9473
10164
23276
10906
12409
18935
9653
12032
25898
29459
56991
10689
13508
10357
28310
12607
52413
17085
9345
12318
22027
24764
21105
22413
51170
11962
23509
21528
11260
78179
18622
14874
21262
17397
12527
30857
13464
13777
44276
10803
10586
17512
18915
14299
11930
16604
10845
27685
10834
15687
22244
9479
14275
14936
8712
42481
14370
14361
11202
23827
20089
8437
10839
8911
14021
15511
9679
9500
20338
27243
69921
30404
17556
27308
16179
36673
13672
25381
18777
16853
11494
9821
47325
22809
22737
21049
14368
13764
13047
12879
18133
30675
21338
17019
21463
17675
24433
15282
22806
14762
16459
40626
27039
50856
15661
31594
19993
14348
35718
11565
27809
12948
11032
35397
10187
28703
10538
52121
14868
11370
10946
10531
11670
34183
12082
12314
11177
27068
15381
17557
19697
13829
10362
18256
9522
17451
20378
11617
18275
14028
54455
11045
11336


