83876
65564
135395
226488
2105369
292024
126680
591523
562619
74463
689284
62789
85522
65432
68322
70537
73853
112588
747786
65600
63817
331778
90314
68610
375479
132103
64542
69892
224954
89498
198614
235774
118393
62761
524569
257295
64961
74490
124661
63518
62084
72234
117163
76893
68701
61683
92473
162609
244327
62486
750472
63265
162141
180408
60340
61660
86075
61776
68976
290691
62919
99434
61505
184703
268346
243845
393929
64581
73788
106005
70511
66280
63792
121585
64432
236785
342309
904911
97505
421789
66481
131469
121060
135601
520897
867686
65474
893104
556672
69454
613703
236891
429169
171394
64376
96508
71406
128896
99034
952237
367779
357092
121318
715803
204075
183233
138108
68566
261950
62715
144395
121306
1434843
64728
62333
154942
60894
71767
137787
71768
132721
932827
246158
192786
65445
261318
143199
180810
65584
123707
1013080
202537
67055
70666
75013
120002
62674
67462
68003
326353
67665
72355
73723
117332
163213
67639
356392
758966
65261
117873
715438
77950
140413
196665
742243
69720
69780
63997
932252
709541
64338
250071
133514
500535
63462
112100
177915
121334
188306
63537
129775
77639
61108
252578
140941
479995
120784
64971
342673
476331
60815
549177
450700
60492
87981
66022
71049
963469
131600
1061476
126313
592246
194176
96442
577816
148460
77216
64560
66226
228643


516413
129735
140103
182629
340889
73199
66758
75047
212924
72693
83110
70223
62513
204149
68842
190904
63517
67309
72125
140934
66888
166880
67830
209253
239973
114672
60122
76646
67656
336482
172321
292864
71042
200810
149592
120150
471561
65103
425265
76543
150236
499490
122033
89746
63424
62683
66963
2719205
68441
170518
136422
118868
198357
135106
162072
62657
130899
56879
115374
70041
72491
74679
73190
70893
65141
76608
63017
481837
867806
158762
197327
475344
463325
91563
187121
68833
68115
442218
127561
69049
78495
188580
110709
134947
119267
65431
64325
74022
178183
823381
125570
1606584
152246
150887
82306
410373
64112
173705
309988
68096
69932
79768
149666
321599
83249
64495
441760
461531
178945
103331
73496
375100
83273
87419
114248
72993
495561
414579
62976
318006
87012
79095
420661
61275
62539
189367
133796
141640
773906
66292
844950
608165
71227
687247
334292
239874
85976
231871
754692
66204
1173784
306001
389648
83627
369237
67325
541744
283719
192393
73575
64925
64186
66755
513463
78893
74661
1207345
73576
72687
292633
133503
305725
74203
63332
931629
64422
112037
211268
769566
205826
134181
325550
347504
429633
252874
71110
73085
64121
624674
137725
66988
63678
458428
75531
75644
195259
207951
221721
181495
62788
63487
85765
154587
83573
657082
466166
127241
69596
115739
63021


