18030099
17387560
5669300
4846404
4647708
4593713
4455865
4449370
4512454
4633884
4430959
4332569
4207508
4182782
4166166
4201192
4246990
4047666
4067911
5737698
4383983
4421883
4471106
4432863
4174173
4161283
4612500
4168455
4045466
4033972
4057740
4145559
4032302
4038536
4036664
4045861
4053424
4125585
4046151
4108901
4093088
4043364
4078354
4077841
4052957
4061057
4085439
4184245
4136518
4058956
4111133
4083647
4094827
4060550
4116268
4135678
4077131
4103744
4080742
4285392
4088086
4050178
4092991
4129243
4057573
4043498
4069833
4052829
4082627
4114053
4140303
4079931
4078555
4073874
4086406
4045241
4055704
4059706
4190612
4033428
4069441
4269111
4172463
4993482
4457995
4565083
4302486
4375461
4254263
4218418
4142070
4079705
4035161
4510175
4122245
4054099
4080214
4037098
4407528
4045892
4294589
4498648
4057761
4059949
4082014
4031080
4079466
4046856
4042602
4605913
4046403
4021799
4002699
4011850
4067481
4016453
4052639
4475897
4121476
4057568
4773524
4131170
4078555
4132403
4240626
4077103
4057097
3995733
4010149
4035047
4014675
4271341
4219590
3969697
4014163
4028635
3986882
4003379
4050349
4107168
4139074
3962152
4050605
4004730
4004721
4014333
3992931
4057237
4212238
3952609
4008700
3975676
3970198
4258439
3955280
4146791
4101679
4057342
4090586
4069043
4101950
4116413
4074363
4124692
4381349
4124475
4068394
4045842
4101791
4053590
4077920
4072720
4139684
4075398
4017817
4313413
4034853
4025097
4021363
4072110
4057760
5776640
4296275
4262843
4197014
4192232
4519727
4256787
4071398
4081309
4085695
4069774
4046967
4101569
4060766
4195110
4100877
4251406
4081144
4113180


17655937
16960849
5549250
5060368
4927869
4992515
4387445
4472757
4477088
4419557
4297692
4387081
4376704
5549983
4711438
5751389
4653903
4633228
4569648
4567639
4496962
4640943
4506370
4336780
4428188
4365591
4196165
4167435
4042060
4277952
4108369
4064133
4052401
4015133
4086565
4096661
4191182
4086518
4076986
4048638
4091338
4052202
3998153
4101478
4090496
4224133
4113181
4072684
4014721
4051394
4027602
4113195
4035410
4200188
4101022
4040417
4019108
4023066
4161023
4046566
4075289
4224415
3994080
4053630
4079353
4074673
4039587
4054039
9075437
5108813
4301655
4119955
4005142
4031504
4113930
4086267
4064326
4115973
4052593
4333331
4055440
4062287
4089975
4151943
4106158
4045214
4030823
4016089
3987262
4076752
4199017
4274482
4105425
4120036
4126071
3978646
3959032
4087230
4053596
4135440
3986933
5265118
4307035
4089863
4145039
4188114
4098233
4605336
4139499
3954605
3997526
3965730
3986895
4079476
3927700
4461819
3949729
3975781
3953439
4311583
4040880
4106388
4108947
4141659
4037311
4090944
4069294
4020859
4070377
4159600
4141274
4254662
4089701
4064995
4032908
8043796
4045665
4062870
4200757
4053888
4065003
4332957
4067267
4017172
4041429
4195880
4107578
4082680
4081693
4020146
4033093
4043623
5047693
4261190
4036887
4049439
4059590
4048799
4040689
4078741
4081693
4270795
4102781
4107742
4069214
5212898
4219248
4207880
4293054
4339256
4071058
4063808
4058454
4074747
4238432
4089124
4067315
4118503
4059944
4060544
4104661
4029382
4070107
4023955
4087254
4297597
4034082
4085654
4068002
4055329
4069133
4119831
4150341
4127846
4045277
4058029
4150822
4098072
4043945
4023656


