16012901
13086522
6831534
5132217
4355741
3918665
4100801
4064981
3862496
3777187
3783177
3758435
3538139
3581330
3638577
3626399
4248000
3877021
3613371
3697657
3626615
3592994
3530648
3513318
4405759
3941734
3883720
3774625
3677029
3634915
4705755
4092414
3729335
3787162
3719219
3702641
3715044
3590302
3574648
3577541
3588213
3622016
3546709
3648842
3530157
3557103
3523077
3522779
3498600
3519922
3560607
3581088
3476970
3457990
3470799
3680799
3729040
3668500
3675780
3748055
3645315
3627724
3627679
3724045
3625993
3629530
3690946
3589599
3638923
3588338
3558520
3560274
3543960
3546437
3548284
3820895
3518754
3513958
3506756
3564629
3531330
3481556
3481123
3471919
3662208
3484436
3688072
3814205
3674198
3655887
3648560
3635992
3617169
3731594
3620862
3604441
3598383
3589527
3582273
3583780
3693459
3603912
3615547
3548712
3544359
3537549
3533773
3533045
3510859
3512851
3528770
3598052
3571036
3487286
3485808
3474510
3475727
3689969
3677822
3737355
3691510
3654288
3644656
3631721
3621298
3736765
3616215
3609423
3710149
3600161
3594255
3571648
4136029
3828718
3661099
3665358
3796807
3539506
3550801
3548768
3520813
3515753
3527187
3486307
3478718
3548846
3475966
3519499
3808354
3669632
3659587
3693867
3751806
3747325
3733176
3619002
3618186
3607908
3618635
3587227
3648675
3593273
3589583
3561040
3573631
3552409
3546451
3536981
4714465
3566558
3629782
4140218
3915071
3601236
3553847
3519298
3463785
3595932
3526980
4136743
3858964
3712684
3700229
3643623
3780483
3805403
3629422
3609216
3810046
3609488
3586779
3655563
3610392
3624624
3564340
3561620
4003756
3561445
3568893
7708947


15705981
10793944
6305962
4856677
4206049
3819842
3715914
3970267
3808019
3753429
3670764
3820782
3916786
3700055
5083815
4179559
4133675
4006962
3985066
4071300
4664642
3961188
4009482
4073407
3958422
3832840
3676926
3781125
3682531
3555458
3558721
3570580
3527720
3519888
3509578
3578794
3514943
3483257
3464796
3460225
3498860
3624571
3670830
3664411
3656669
3702982
3659988
3644733
3732703
3659497
3618338
3633027
3614464
3662459
3616531
3602512
3575039
3584810
3606281
3540990
3695639
3762446
4587249
3868850
3841393
3746358
7434121
3846385
3696632
3798917
3707964
3612459
3559647
3670782
3671426
3685576
3652342
3656150
3707968
3650750
3622148
3621152
3613996
3720029
3588596
3586398
3574023
3652231
3560292
3559845
3555495
3535387
3542465
3534317
3526525
3525755
3646734
3529969
3499912
3483777
3489399
3478062
3473579
3544926
3675339
3762484
3673825
3643999
3736357
3643220
3649166
3633715
3621473
3603496
3617212
3591888
3614834
3580404
3591246
3573334
3660134
3818536
3803263
5156045
3886125
3869724
3773075
4151162
3678561
3647847
3940698
3601310
3556054
3519216
3582232
3868437
3823926
3772094
4030183
3762708
3642322
3630896
3661337
3669857
3631648
3610767
3726661
3675697
3590257
3591499
3992114
3562435
3606878
3606159
3544717
3780149
3572129
3514449
3544421
3499396
3493924
3514597
3537115
3700190
3466260
3466155
3659294
3669920
3675931
3688980
3659118
3690676
3648811
3888124
3624114
3778254
3620355
3595930
3594629
3591952
3578497
3572284
3586379
3570734
3554300
3560486
3554228
3591008
3536293
3521370
3511097
3522142
3486360
3489231
3481378
3476842
3456435
3659647
3685068
3664285


