9445057
6203144
2979584
2590756
2568540
2516279
2448210
2759630
2461876
2459992
2338942
2308238
2386680
2342872
2501699
2300118
2517913
2415694
2360669
2300774
2311089
2314101
2293633
2361311
2366980
2297534
2375657
2257550
2320677
2312033
2272220
2319989
2205990
2166683
2195645
2108034
2053979
2494412
2335656
2219602
2231127
2187298
2228602
2351359
2140337
2191799
2115418
2139698
2158347
2121494
2261870
2307060
2254070
2219243
2282492
2171644
2233781
2245503
2050821
2081133
2086528
2292911
2285201
2207433
2233313
2211358
2149293
2156200
2138385
2132093
2261014
2281602
2543811
2260043
2214284
2170669
2133468
2185518
2204705
2150481
2105216
2147185
2093294
2334908
2331693
2245331
2273044
2225614
2214648
2207854
2097599
2162323
2162059
2110624
2288810
2224016
2272437
2250885
2323247
2171949
2215128
2226093
2145163
2188934
2095611
2135181
2766479
2485675
2409756
2278435
2292246
2655116
2311101
2228659
2147558
2161052
2066839
2046677
2261820
2159193
2307297
2199359
2305243
2205526
2203228
2585438
2118923
2150553
2221217
2319064
2646544
2317725
2456252
2247497
2238218
2276644
2182983
2222855
2394756
2294805
2223911
2199874
2391823
2251043
2202786
2265788
2230970
2182509
2303766
2251636
2241973
2225719
2075541
2007359
2196436
2180662
2199934
2190306
2282827
2143244
2140604
2146513
2077955
2341696
2243329
2503562
2278321
2149030
2575566
2152640
2148449
2168821
2136163
2098264
2124027
2223977
3295871
2246290
2374246
2252887
2308918
2269815
2160118
2099850
2146492
2134463
2327629
2210483
2276116
2204795
2204363
2206415
2178008
2164985
2121031
2106331
2119836
2154870
2336782
2214249


12951569
4691987
4842786
3942639
3063839
2347576
2297334
2295458
2422436
2185312
2396383
2483684
2456191
2441908
2533267
2366649
3596925
2413019
2397405
3627859
2402093
2618313
2545685
2421832
2429809
2395747
2437008
2302655
2306636
2299078
2257894
2209034
2282597
2200089
2176818
2400926
2144724
2194279
2177767
2165649
2185968
2117708
2294203
2266931
2255786
2377494
2244303
2194061
2186088
2170370
2205880
2187804
2220282
2106825
2128392
2177643
2281171
2225602
2210534
2194204
2130461
2163603
2210419
2102685
2119080
2177739
2223645
2281151
2250181
2186801
2234250
2114794
2093363
2211089
2241110
2098666
2229689
2224863
2282834
2222895
2649974
2481808
2365267
2379308
2239463
2217210
2082563
2329249
2306347
2220355
2221067
2216827
2231284
2286362
2098575
2170491
2127815
2070623
2280299
2192672
2145529
2228066
2199645
2237218
2136574
2067685
2100319
2046424
2231485
2204421
2227863
2187377
2171504
2240145
2150065
2093853
2115936
2066300
2286959
2197039
2171029
2243289
2195167
2268995
2151203
2152276
2126226
2098175
2404467
2339112
2275041
2255508
2188496
2307194
2224394
2209529
2081055
2128996
2072725
2129027
2269545
2180518
3160012
2443766
2453433
2416269
2411479
2243096
2242521
2203637
2193959
2474867
2338848
2242020
2166629
2196307
2196771
2095381
2191359
2130727
2114874
2096866
2260215
2225606
2140750
2537229
2167616
2118860
2120082
2065089
2097335
2600034
2185485
2128729
2243526
2169384
2109404
2128235
2132624
2268667
2077416
2478361
2220286
2312611
2197272
2179144
2132216
2111089
2108566
2110081
2180566
2434876
2265908
2344422
2165512
2185523
2167631
2155257
2136780
2131675


