2966665
2546126
2672388
2555233
2561416
2544099
2574424
2584030
2486856
2447518
2509852
2375285
2306712
2315122
2335001
2313379
2310524
2178628
2189594
2203101
2613401
2417499
2685456
2639436
2697631
2558141
2630160
2612622
2595353
2605644
2544014
2538556
2389976
2371171
3230664
2566262
2349810
2371530
2355944
2245344
2269905
2222452
2243219
2186120
2209157
2420096
2407386
2406595
4545203
2511292
2410322
2400607
2389345
2389389
2321770
2323736
2314446
2290789
2334428
2294053
2327085
2310672
2279407
2241373
2229434
2279914
2209106
2222843
2234486
2244813
2232370
2448402
2365603
2391221
2408142
2385603
4376723
2332291
2391178
2416282
2315146
2313839
2302508
2298136
2235345
2324752
2243037
2310697
2301716
2256692
2217599
2276430
2215723
2224674
2275727
2241907
2237578
2259096
2535056
2385766
2347994
2319132
2395549
2375683
4344942
2335431
2280121
2334497
2361525
2285169
2242752
2259034
2251342
2290304
3277559
2271273
2244062
2149339
2213057
2481539
2418286
2378701
2439155
2386504
2326444
2342746
2311840
2360602
2327956
2297078
2278487
2343142
4262896
2270373
2248846
2252461
2301347
2202583
2194840
2159381
2207062
2472430
2323258
2341451
2421737
2438542
2337952
2343764
2399321
2299393
2283997
2315065
2277215
2315001
2233120
2252666
2214161
2248456
2198561
2220148
4268483
2409420
2433735
2393955
2402253
2348239
2356366
2307077
2419733
2338123
2344544
2296927
2258412
2296197
2289734
2248566
2295370
2274369
2288262
2226024
2300336
2233485
2182786
2154019
2389966
2371124
2428434
2393848
2386129
2469283
2422185
2289651
2280426
2319770
2324337
2286717
2313066
2275801
2307702
2261862


2826359
2604147
2565524
2632951
2568968
2542853
2545880
2500970
2824129
2640129
2635294
2667448
2509143
2648745
2484752
2417484
2383999
4124999
2393773
2462320
2359252
2311962
2347428
2228129
2300407
2248649
2281173
2256504
2204963
2217787
2232796
2331707
2500961
2403100
2675720
2438402
2446597
2303721
2334248
2336276
2339669
2367414
2295703
2530669
2256358
2277160
2515122
2443567
2426121
2323036
2268405
2318057
2250626
2427489
2317230
2352872
2372237
2334237
2291826
2394106
2340721
2363677
2342467
2318651
2287021
2295378
2308158
2314689
2190368
2198107
2200743
2224671
2194096
2202662
3939180
2421040
2377639
2372637
2361355
2377681
2399040
2340355
2334138
2359234
2317210
2278964
2273994
2221760
2270938
2248920
2297978
2283315
2260457
2323446
2191356
2230203
2191431
2366006
2392668
2375493
2358845
2356262
2379995
3876486
2352751
2348681
2383215
2351522
2319013
2318566
2321087
2332867
2299458
2328345
2223237
2215575
2167748
2559417
2148124
2393002
2421726
2395320
2483556
2359854
2326663
2348748
2346368
2329122
2381705
2287401
2310603
2364154
2576414
2539264
2580759
2545514
2510147
2472443
2440553
2374725
2446101
2478449
2470479
2490424
2405773
2359637
2384080
2354110
2372988
2273832
2313463
2295581
2349512
2286629
2264649
2346188
2197866
2279906
2253472
2194468
3760597
2203907
2264513
2198522
2402328
2420242
2326494
2377562
2349468
2350387
2316652
2347768
2350992
2350161
2355094
2416061
2486249
2493131
2450235
2332726
2349957
2309577
2301093
2138694
2422950
2388849
2358586
2347775
2339667
2395340
2390921
2379888
2357426
2321038
2330991
2328641
2213807
2305356
2238029
2249161


